1.000000000000000000e+00 1.265334289328734485e-04
2.000000000000000000e+00 -2.327167547077380050e-02
3.000000000000000000e+00 -1.547195674092449735e-02
4.000000000000000000e+00 -1.779324198886911290e-02
5.000000000000000000e+00 8.837575634288441506e-04
6.000000000000000000e+00 4.244124102072532878e-03
7.000000000000000000e+00 9.947872744220376262e-05
8.000000000000000000e+00 2.448254369049607249e-03
9.000000000000000000e+00 1.662693234855794344e-03
1.000000000000000000e+01 5.803014220120417122e-04
1.100000000000000000e+01 9.497391336182658961e-03
1.200000000000000000e+01 6.148073075486593098e-03
1.300000000000000000e+01 6.065524954514955880e-03
1.400000000000000000e+01 3.158569446526371394e-03
1.500000000000000000e+01 -3.263888910154832956e-03
1.600000000000000000e+01 7.276076050246160776e-03
1.700000000000000000e+01 4.414993475826634040e-03
1.800000000000000000e+01 4.837856291310060897e-03
1.900000000000000000e+01 8.654073617080371150e-03
2.000000000000000000e+01 4.243366651243007937e-02
2.100000000000000000e+01 1.636316666195369862e-02
2.200000000000000000e+01 1.447528097033767835e-02
2.300000000000000000e+01 -9.080119290089783135e-03
2.400000000000000000e+01 -1.735276465090862530e-02
2.500000000000000000e+01 1.802488546421443516e-02
2.600000000000000000e+01 1.975892696736991638e-02
2.700000000000000000e+01 1.400992421508817642e-02
2.800000000000000000e+01 -1.092829029659014850e-03
2.900000000000000000e+01 1.285906405323800072e-02
3.000000000000000000e+01 2.689029161645350996e-02
3.100000000000000000e+01 3.796180239142188384e-03
3.200000000000000000e+01 -4.485620604776840992e-02
3.300000000000000000e+01 -8.679935750428313668e-02
3.400000000000000000e+01 5.065224196525264233e-02
3.500000000000000000e+01 2.646396376619009061e-03
3.600000000000000000e+01 2.056581145666314114e-03
3.700000000000000000e+01 2.643092285880754844e-02
3.800000000000000000e+01 -5.082591990635876300e-03
3.900000000000000000e+01 3.234071219778655859e-02
4.000000000000000000e+01 1.115236452218226759e-02
4.100000000000000000e+01 8.683096767626352630e-03
4.200000000000000000e+01 1.387786915959310363e-02
4.300000000000000000e+01 -9.243872858913704249e-02
4.400000000000000000e+01 -5.961981143997263644e-02
4.500000000000000000e+01 -1.056904317464670839e-01
4.600000000000000000e+01 -1.044738627686854215e-01
4.700000000000000000e+01 -1.018456617154583910e-02
4.800000000000000000e+01 -4.217768427837853551e-02
4.900000000000000000e+01 3.691900202787223861e-02
5.000000000000000000e+01 2.911371920490068987e-03
5.100000000000000000e+01 -3.517111373485448667e-02
5.200000000000000000e+01 2.061218297951228351e-02
5.300000000000000000e+01 -1.674962609239116773e-02
5.400000000000000000e+01 1.412559779377176028e-02
5.500000000000000000e+01 4.359793906061781854e-03
5.600000000000000000e+01 1.238111830412691461e-02
5.700000000000000000e+01 6.957351047390147869e-03
5.800000000000000000e+01 1.724309321815553631e-02
5.900000000000000000e+01 -5.280026876903320954e-03
6.000000000000000000e+01 -1.315880201966734830e-02
6.100000000000000000e+01 4.780134759901955022e-02
6.200000000000000000e+01 -9.467372237885740560e-03
6.300000000000000000e+01 -6.889369330657757473e-03
6.400000000000000000e+01 3.835726955067286781e-03
6.500000000000000000e+01 -5.104897321956514133e-03
6.600000000000000000e+01 3.701358980592317494e-03
6.700000000000000000e+01 7.425508631243360469e-03
6.800000000000000000e+01 -6.428696375593290213e-04
6.900000000000000000e+01 -5.622348222166806408e-02
7.000000000000000000e+01 -1.350862857592005639e-04
7.100000000000000000e+01 -6.424293303062711402e-03
7.200000000000000000e+01 -8.935698247874768185e-03
7.300000000000000000e+01 -5.319787108319928848e-03
7.400000000000000000e+01 -2.838561351914847819e-03
7.500000000000000000e+01 -4.064568407727620070e-03
7.600000000000000000e+01 -5.253398914916829199e-03
7.700000000000000000e+01 -8.633773921587817313e-03
7.800000000000000000e+01 -3.473436169898036496e-03
7.900000000000000000e+01 -4.538002601087498533e-03
8.000000000000000000e+01 -1.949761247082903992e-02
8.100000000000000000e+01 -2.282236372727908247e-02
8.200000000000000000e+01 -4.811062403615551375e-02
8.300000000000000000e+01 -4.195900592088719350e-02
8.400000000000000000e+01 -1.176496150007935171e-01
8.500000000000000000e+01 2.358358056159204352e-02
8.600000000000000000e+01 -3.994397363456414496e-02
8.700000000000000000e+01 1.035690583832860057e-02
8.800000000000000000e+01 4.559013228391961547e-02
8.900000000000000000e+01 -2.782420510015271020e-02
9.000000000000000000e+01 -5.348222404819580333e-03
9.100000000000000000e+01 -4.340971374409008376e-02
9.200000000000000000e+01 -5.464534603416382197e-02
9.300000000000000000e+01 -1.571001651919914366e-01
9.400000000000000000e+01 9.064787594824963435e-02
9.500000000000000000e+01 -1.597460653486848514e-01
9.600000000000000000e+01 1.302007703665921667e-01
9.700000000000000000e+01 -3.619996436867722878e-04
9.800000000000000000e+01 -1.783217862146102561e-02
9.900000000000000000e+01 7.277249824895193342e-04
1.000000000000000000e+02 1.254563439225364618e-03
1.010000000000000000e+02 3.785966768546700223e-03
1.020000000000000000e+02 1.423654836329291129e-02
1.030000000000000000e+02 2.896314967038904342e-03
1.040000000000000000e+02 1.919168691635775303e-03
1.050000000000000000e+02 1.945263624622128873e-02
1.060000000000000000e+02 -4.047683633437770823e-03
1.070000000000000000e+02 1.267484653505590586e-02
1.080000000000000000e+02 -1.329590186492168868e-02
1.090000000000000000e+02 -2.269977323670957503e-03
1.100000000000000000e+02 7.280570556140730787e-03
1.110000000000000000e+02 -4.707140901601292171e-03
1.120000000000000000e+02 4.261268977998611263e-04
1.130000000000000000e+02 -1.519826243736588367e-03
1.140000000000000000e+02 6.541924811408250662e-03
1.150000000000000000e+02 -3.700550011387804261e-03
1.160000000000000000e+02 -4.319062391900985176e-02
1.170000000000000000e+02 1.184419809418102432e-02
1.180000000000000000e+02 4.630069433535055623e-02
1.190000000000000000e+02 -7.065478260784630038e-02
1.200000000000000000e+02 -3.689892459831867200e-03
1.210000000000000000e+02 -2.077448397456294060e-02
1.220000000000000000e+02 -5.996965442704293991e-02
1.230000000000000000e+02 5.231771126306483666e-02
1.240000000000000000e+02 2.919039303662884777e-03
1.250000000000000000e+02 -3.210009785020417894e-02
1.260000000000000000e+02 -9.524875479885253071e-02
1.270000000000000000e+02 7.046953098111430336e-03
1.280000000000000000e+02 2.906666559881188050e-02
1.290000000000000000e+02 4.466688431725884811e-02
1.300000000000000000e+02 -2.427687807035994183e-02
1.310000000000000000e+02 1.621497785438918982e-02
1.320000000000000000e+02 -4.375926873942859174e-02
1.330000000000000000e+02 -2.795783703319898450e-04
1.340000000000000000e+02 1.152564978497139236e-04
1.350000000000000000e+02 1.602715805266541338e-02
1.360000000000000000e+02 9.890915330252880722e-03
1.370000000000000000e+02 -4.983671433671332807e-02
1.380000000000000000e+02 8.511126010998992797e-02
1.390000000000000000e+02 -7.083096761178353518e-03
1.400000000000000000e+02 1.284618362788592094e-03
1.410000000000000000e+02 1.131389810542771102e-02
1.420000000000000000e+02 -1.282632117344917333e-02
1.430000000000000000e+02 1.036438599855671328e-02
1.440000000000000000e+02 2.988691398327603110e-02
1.450000000000000000e+02 3.594077116630955970e-04
1.460000000000000000e+02 3.274115224618867614e-02
1.470000000000000000e+02 8.739984361797326073e-02
1.480000000000000000e+02 9.391655895633732598e-03
1.490000000000000000e+02 -6.128047345077902719e-02
1.500000000000000000e+02 -4.544261794947601629e-04
1.510000000000000000e+02 6.890876584030536378e-03
1.520000000000000000e+02 -2.223262249802360202e-02
1.530000000000000000e+02 -1.206192642435155449e-03
1.540000000000000000e+02 -4.296236312690382420e-03
1.550000000000000000e+02 8.974799297476465654e-04
1.560000000000000000e+02 8.258538239459767283e-03
1.570000000000000000e+02 -6.128367462242323427e-02
1.580000000000000000e+02 -1.272701416020538545e-02
1.590000000000000000e+02 3.283986617503131811e-02
1.600000000000000000e+02 -4.974379199552458886e-03
1.610000000000000000e+02 1.611710535903654318e-02
1.620000000000000000e+02 1.321755699896698388e-02
1.630000000000000000e+02 3.760214578839082833e-02
1.640000000000000000e+02 3.041795743618536108e-02
1.650000000000000000e+02 6.753908521049822866e-02
1.660000000000000000e+02 -8.711778789454882599e-02
1.670000000000000000e+02 -3.181403085250167351e-03
1.680000000000000000e+02 3.257887895437505676e-02
1.690000000000000000e+02 3.929581794558600905e-02
1.700000000000000000e+02 -7.152166180269148299e-03
1.710000000000000000e+02 -6.846941098238801260e-03
1.720000000000000000e+02 3.564364579531797972e-03
1.730000000000000000e+02 8.166716416383223986e-03
1.740000000000000000e+02 5.046564923972596262e-03
1.750000000000000000e+02 -1.535818422075152512e-02
1.760000000000000000e+02 -7.728874762030102374e-03
1.770000000000000000e+02 3.620763993964715155e-02
1.780000000000000000e+02 -8.365774422287586276e-03
1.790000000000000000e+02 -1.998662356519531613e-02
1.800000000000000000e+02 -2.899994578252318433e-02
1.810000000000000000e+02 7.913709415944936154e-03
1.820000000000000000e+02 1.533607864450914349e-02
1.830000000000000000e+02 4.820404390363819402e-02
1.840000000000000000e+02 1.918272571899848344e-02
1.850000000000000000e+02 -2.019026741738372266e-02
1.860000000000000000e+02 7.246941476408608196e-02
1.870000000000000000e+02 -2.988549841539622776e-03
1.880000000000000000e+02 2.837698696672674714e-02
1.890000000000000000e+02 -5.736628370556218215e-03
1.900000000000000000e+02 2.372645676933160530e-02
1.910000000000000000e+02 -3.176534936677910537e-03
1.920000000000000000e+02 -2.217585448654091351e-02
1.930000000000000000e+02 2.448305476320911112e-02
1.940000000000000000e+02 -7.854973504350937219e-05
1.950000000000000000e+02 4.903084965485504654e-02
1.960000000000000000e+02 8.113342079610674773e-03
1.970000000000000000e+02 1.268022103651844645e-03
1.980000000000000000e+02 3.845872013513229604e-02
1.990000000000000000e+02 1.213329446118933674e-01
2.000000000000000000e+02 -2.703452238841919097e-02
2.010000000000000000e+02 1.104768943196177133e-02
2.020000000000000000e+02 3.298027841502459978e-02
2.030000000000000000e+02 -2.944025625350121800e-02
2.040000000000000000e+02 1.886718463312320182e-02
2.050000000000000000e+02 1.487468715299655742e-02
2.060000000000000000e+02 5.224400807868789798e-03
2.070000000000000000e+02 -1.822431682110448037e-02
2.080000000000000000e+02 -4.120768360304793987e-02
2.090000000000000000e+02 -2.994082036217449172e-01
2.100000000000000000e+02 -8.140857593291883632e-02
2.110000000000000000e+02 1.165302912743229058e-01
2.120000000000000000e+02 4.086410979198973337e-02
2.130000000000000000e+02 -7.507135935956910089e-02
2.140000000000000000e+02 1.267482993113162593e-01
2.150000000000000000e+02 -3.914508822838058677e-03
2.160000000000000000e+02 1.048209362220120511e-02
2.170000000000000000e+02 1.508564292746115143e-01
2.180000000000000000e+02 -2.215020677776635694e-02
2.190000000000000000e+02 -1.155782833622254202e-02
2.200000000000000000e+02 5.675944837662427744e-03
2.210000000000000000e+02 -2.220261631804731906e-02
2.220000000000000000e+02 -7.106632942658563934e-03
2.230000000000000000e+02 -4.131624905689079696e-03
2.240000000000000000e+02 9.276393882352351739e-03
2.250000000000000000e+02 -2.231648770170124862e-03
2.260000000000000000e+02 -1.059961436015299796e-02
2.270000000000000000e+02 2.946982124512942391e-03
2.280000000000000000e+02 1.261152880808680266e-02
2.290000000000000000e+02 7.819693864576038322e-03
2.300000000000000000e+02 -1.213770257339064074e-02
2.310000000000000000e+02 -1.361834479931189890e-02
2.320000000000000000e+02 -7.320737367990659550e-03
2.330000000000000000e+02 8.486597571739196155e-03
2.340000000000000000e+02 -1.068471694978256892e-03
2.350000000000000000e+02 3.432773939699984567e-03
2.360000000000000000e+02 7.412774205413086293e-03
2.370000000000000000e+02 -2.473043867285440456e-02
2.380000000000000000e+02 9.342814014487998975e-03
2.390000000000000000e+02 1.185855118756506954e-02
2.400000000000000000e+02 1.770005150703468644e-03
2.410000000000000000e+02 -1.427766687529441469e-02
2.420000000000000000e+02 2.212894488025085593e-04
2.430000000000000000e+02 -6.463698152714414391e-03
2.440000000000000000e+02 -4.033806966520359083e-02
2.450000000000000000e+02 -3.693929352195368665e-02
2.460000000000000000e+02 -1.982760851917220180e-02
2.470000000000000000e+02 4.182272270556097737e-02
2.480000000000000000e+02 -2.268964423703323519e-02
2.490000000000000000e+02 -9.973576229810987570e-03
2.500000000000000000e+02 4.464031144657099048e-03
2.510000000000000000e+02 -7.386593314194556115e-03
2.520000000000000000e+02 1.324426219782282033e-02
2.530000000000000000e+02 -2.888435515671972098e-03
2.540000000000000000e+02 -1.326355963470859933e-03
2.550000000000000000e+02 -1.240769159194599069e-02
2.560000000000000000e+02 8.997306942497118598e-03
2.570000000000000000e+02 -3.734997395990546920e-02
2.580000000000000000e+02 -1.411637154766509639e-02
2.590000000000000000e+02 -7.277244370420987707e-03
2.600000000000000000e+02 -1.094240276012214963e-02
2.610000000000000000e+02 -6.483936823606484268e-03
2.620000000000000000e+02 3.139606064262778773e-02
2.630000000000000000e+02 8.453180317452790860e-03
2.640000000000000000e+02 2.486693582821430937e-02
2.650000000000000000e+02 -3.320267729187520445e-02
2.660000000000000000e+02 -5.720820533974801947e-02
2.670000000000000000e+02 2.656205109951059740e-02
2.680000000000000000e+02 -5.647834988761957220e-02
2.690000000000000000e+02 1.433956573386296895e-02
2.700000000000000000e+02 -6.199625739876779562e-02
2.710000000000000000e+02 -9.440775120879152382e-03
2.720000000000000000e+02 2.946822728098652533e-03
2.730000000000000000e+02 3.753956775653932709e-06
2.740000000000000000e+02 3.857291579549837479e-03
2.750000000000000000e+02 1.017354036723361332e-02
2.760000000000000000e+02 1.911936194034069558e-02
2.770000000000000000e+02 1.168868182723770133e-03
2.780000000000000000e+02 2.958657293156363721e-03
2.790000000000000000e+02 -7.097546151157985150e-03
2.800000000000000000e+02 -1.132791498617535808e-02
2.810000000000000000e+02 -3.474553969208926674e-02
2.820000000000000000e+02 4.107488964510253027e-02
2.830000000000000000e+02 7.040193274548300906e-03
2.840000000000000000e+02 6.081554581641768209e-02
2.850000000000000000e+02 -2.900508641219090578e-02
2.860000000000000000e+02 6.137756470202759829e-03
2.870000000000000000e+02 -4.385732045505363885e-02
2.880000000000000000e+02 3.634664314571978139e-02
2.890000000000000000e+02 1.059060570851499961e-02
2.900000000000000000e+02 2.627310928585302463e-02
2.910000000000000000e+02 6.258308705061210730e-02
2.920000000000000000e+02 -9.036151096523781234e-03
2.930000000000000000e+02 -1.550525133069413641e-03
2.940000000000000000e+02 6.772152200234415886e-03
2.950000000000000000e+02 -3.238338009442998100e-02
2.960000000000000000e+02 -4.440159716904190645e-02
2.970000000000000000e+02 1.070334941936295081e-01
2.980000000000000000e+02 -9.406033154931492390e-03
2.990000000000000000e+02 3.484938240848833857e-02
3.000000000000000000e+02 1.379882133022647395e-03
3.010000000000000000e+02 -7.157059472433502378e-03
3.020000000000000000e+02 2.672520195626759687e-02
3.030000000000000000e+02 4.451485371703256533e-02
3.040000000000000000e+02 1.566409209510766232e-02
3.050000000000000000e+02 -2.907147920186048395e-02
3.060000000000000000e+02 5.690468609847698644e-02
3.070000000000000000e+02 -2.099603729335797198e-02
3.080000000000000000e+02 -4.369769441864690407e-02
3.090000000000000000e+02 3.547856898710222140e-02
3.100000000000000000e+02 1.208533525991839497e-02
3.110000000000000000e+02 -2.552406574631049807e-02
3.120000000000000000e+02 4.604661698697043448e-02
3.130000000000000000e+02 9.337898335189720456e-03
3.140000000000000000e+02 1.499633252378629322e-02
3.150000000000000000e+02 -6.386893528016912569e-03
3.160000000000000000e+02 3.065476487776663816e-03
3.170000000000000000e+02 -3.125182166159845565e-02
3.180000000000000000e+02 4.635567311387234213e-02
3.190000000000000000e+02 -1.713689609699997618e-02
3.200000000000000000e+02 5.310536301814039462e-02
3.210000000000000000e+02 1.533503544744263536e-02
3.220000000000000000e+02 1.465057949985038022e-02
3.230000000000000000e+02 4.990600061356786910e-02
3.240000000000000000e+02 2.729018028495033832e-02
3.250000000000000000e+02 -2.993903628195937472e-02
3.260000000000000000e+02 3.698396383040858382e-02
3.270000000000000000e+02 3.935803825822858926e-02
3.280000000000000000e+02 4.710999964075313073e-03
3.290000000000000000e+02 2.183932158357748676e-02
3.300000000000000000e+02 -5.710124358603962946e-02
3.310000000000000000e+02 1.325153870210016294e-02
3.320000000000000000e+02 1.903160172147266849e-02
3.330000000000000000e+02 3.677306486771669825e-02
3.340000000000000000e+02 -2.566569605225765827e-02
3.350000000000000000e+02 -3.064928757812168669e-02
3.360000000000000000e+02 5.211342195033097369e-02
3.370000000000000000e+02 -2.056790697594124140e-03
3.380000000000000000e+02 -1.534147627241111422e-02
3.390000000000000000e+02 -2.680221957700723578e-02
3.400000000000000000e+02 5.411771011394250763e-02
3.410000000000000000e+02 3.070452237220422376e-02
3.420000000000000000e+02 -3.052752840240202659e-02
3.430000000000000000e+02 -4.326408502066669826e-04
3.440000000000000000e+02 -3.019173989279977377e-02
3.450000000000000000e+02 2.367311666402116543e-02
3.460000000000000000e+02 -7.613067621697666709e-03
3.470000000000000000e+02 5.625026845116565255e-03
3.480000000000000000e+02 3.994212282363207578e-02
3.490000000000000000e+02 1.134536693776055927e-02
3.500000000000000000e+02 -2.224070804739852747e-02
3.510000000000000000e+02 -3.963339879042848679e-02
3.520000000000000000e+02 -1.950107327127170720e-02
3.530000000000000000e+02 1.225289708551713375e-02
3.540000000000000000e+02 2.344420989646067710e-02
3.550000000000000000e+02 6.532942220559334601e-03
3.560000000000000000e+02 -1.772525247055511954e-03
3.570000000000000000e+02 6.807038777074581049e-02
3.580000000000000000e+02 3.022584928267235682e-02
3.590000000000000000e+02 -5.688490183636929487e-03
3.600000000000000000e+02 9.185234893315197269e-02
3.610000000000000000e+02 3.685539170838580958e-02
3.620000000000000000e+02 1.005626394336189833e-02
3.630000000000000000e+02 3.246405542373764774e-02
3.640000000000000000e+02 -1.411228092504757115e-02
3.650000000000000000e+02 -1.165948881173051177e-02
3.660000000000000000e+02 5.253466668150963415e-03
3.670000000000000000e+02 1.133208449054734501e-03
3.680000000000000000e+02 2.104316550090601368e-02
3.690000000000000000e+02 -1.511454042010029752e-03
3.700000000000000000e+02 -1.208255358540810676e-02
3.710000000000000000e+02 -1.227426197498715510e-02
3.720000000000000000e+02 -2.228280178894692654e-02
3.730000000000000000e+02 4.873717979791081234e-03
3.740000000000000000e+02 8.970325400945000638e-03
3.750000000000000000e+02 1.362151074430784092e-02
3.760000000000000000e+02 -8.344531542100241950e-03
3.770000000000000000e+02 -9.630677175098156795e-02
3.780000000000000000e+02 2.668752674220797871e-02
3.790000000000000000e+02 2.912292425349960467e-04
3.800000000000000000e+02 4.714767630918714758e-02
3.810000000000000000e+02 1.128187664595259321e-02
3.820000000000000000e+02 7.604253614525191551e-02
3.830000000000000000e+02 3.645663863355963485e-02
3.840000000000000000e+02 -3.757442286757850525e-02
3.850000000000000000e+02 -6.607359859550854253e-02
3.860000000000000000e+02 1.401162604032890613e-03
3.870000000000000000e+02 1.390032412632535852e-02
3.880000000000000000e+02 -1.898914051217559518e-03
3.890000000000000000e+02 2.022762531503019545e-03
3.900000000000000000e+02 -1.848667115644531123e-02
3.910000000000000000e+02 -1.676747010277068739e-02
3.920000000000000000e+02 1.839673759688054133e-02
3.930000000000000000e+02 8.494805539449146181e-03
3.940000000000000000e+02 -1.382559994835474981e-02
3.950000000000000000e+02 -1.951364071899774899e-03
3.960000000000000000e+02 -1.057782715463417844e-04
3.970000000000000000e+02 1.349518195005572352e-02
3.980000000000000000e+02 3.802121608075026415e-03
3.990000000000000000e+02 -1.222283919076971870e-03
4.000000000000000000e+02 -1.265940231789386416e-02
4.010000000000000000e+02 1.199980969843750245e-04
4.020000000000000000e+02 -1.516003099020934997e-02
4.030000000000000000e+02 -9.654618728973218822e-03
4.040000000000000000e+02 -7.414039109683301376e-03
4.050000000000000000e+02 -5.674250026942218028e-03
4.060000000000000000e+02 3.557495250397835207e-03
4.070000000000000000e+02 8.688000270957729754e-03
4.080000000000000000e+02 4.807829237307714720e-04
4.090000000000000000e+02 -1.734277919588578243e-03
4.100000000000000000e+02 2.861078647171666489e-04
4.110000000000000000e+02 -1.654850502212212859e-02
4.120000000000000000e+02 7.481108929638935479e-04
4.130000000000000000e+02 2.543721295502621160e-03
4.140000000000000000e+02 -1.198361502709133219e-03
4.150000000000000000e+02 9.519248860911488919e-03
4.160000000000000000e+02 2.032610027860926039e-03
4.170000000000000000e+02 3.022656571071280496e-02
4.180000000000000000e+02 9.528461767872897781e-02
4.190000000000000000e+02 2.307919622462151210e-02
4.200000000000000000e+02 -8.359913161655185831e-03
4.210000000000000000e+02 8.449074389069721747e-03
4.220000000000000000e+02 2.263114030228052798e-03
4.230000000000000000e+02 -1.265294991830501203e-02
4.240000000000000000e+02 2.713280420094577039e-02
4.250000000000000000e+02 2.533949360685738839e-02
4.260000000000000000e+02 6.644976077652131607e-03
4.270000000000000000e+02 2.167795986508025408e-02
4.280000000000000000e+02 -2.472685131372998057e-03
4.290000000000000000e+02 -1.029246272884876134e-02
4.300000000000000000e+02 -1.592910725101148728e-03
4.310000000000000000e+02 1.518581631572857304e-02
4.320000000000000000e+02 -1.323839699715989582e-02
4.330000000000000000e+02 1.882937020975816722e-02
4.340000000000000000e+02 4.991293571677601904e-03
4.350000000000000000e+02 2.900582242510552078e-03
4.360000000000000000e+02 3.360037681254368636e-03
4.370000000000000000e+02 -3.085137653854985729e-03
4.380000000000000000e+02 -7.916151321246900352e-03
4.390000000000000000e+02 6.122669678688907879e-03
4.400000000000000000e+02 2.545103535442194698e-02
4.410000000000000000e+02 -1.223544730962800031e-02
4.420000000000000000e+02 -4.569930347429362882e-03
4.430000000000000000e+02 -9.545726386498643024e-03
4.440000000000000000e+02 1.024113952745153711e-03
4.450000000000000000e+02 1.006359183858052120e-02
4.460000000000000000e+02 8.627746136866676352e-04
4.470000000000000000e+02 -4.577183860085654032e-03
4.480000000000000000e+02 2.826816067778281649e-02
4.490000000000000000e+02 3.270749326456723338e-02
4.500000000000000000e+02 -1.835989093836332131e-02
4.510000000000000000e+02 2.151040074053867102e-03
4.520000000000000000e+02 3.555753297170127780e-02
4.530000000000000000e+02 -5.498152058471816872e-03
4.540000000000000000e+02 1.134235099117830714e-02
4.550000000000000000e+02 4.860962464725560039e-03
4.560000000000000000e+02 -3.693700981032321806e-02
4.570000000000000000e+02 -1.501130435883624159e-03
4.580000000000000000e+02 1.818401300241134777e-03
4.590000000000000000e+02 1.175563007315361119e-03
4.600000000000000000e+02 -1.581299366038280141e-02
4.610000000000000000e+02 -1.149919190592640916e-02
4.620000000000000000e+02 1.862553191470794900e-02
4.630000000000000000e+02 1.042954272102747382e-02
4.640000000000000000e+02 7.598519152246296926e-03
