1.000000000000000000e+00 0.000000000000000000e+00 0.000000000000000000e+00
2.000000000000000000e+00 0.000000000000000000e+00 0.000000000000000000e+00
3.000000000000000000e+00 0.000000000000000000e+00 0.000000000000000000e+00
4.000000000000000000e+00 0.000000000000000000e+00 0.000000000000000000e+00
5.000000000000000000e+00 0.000000000000000000e+00 0.000000000000000000e+00
6.000000000000000000e+00 0.000000000000000000e+00 0.000000000000000000e+00
7.000000000000000000e+00 0.000000000000000000e+00 0.000000000000000000e+00
8.000000000000000000e+00 0.000000000000000000e+00 0.000000000000000000e+00
9.000000000000000000e+00 0.000000000000000000e+00 0.000000000000000000e+00
1.000000000000000000e+01 0.000000000000000000e+00 0.000000000000000000e+00
1.100000000000000000e+01 0.000000000000000000e+00 0.000000000000000000e+00
1.200000000000000000e+01 0.000000000000000000e+00 0.000000000000000000e+00
1.300000000000000000e+01 0.000000000000000000e+00 0.000000000000000000e+00
1.400000000000000000e+01 0.000000000000000000e+00 0.000000000000000000e+00
1.500000000000000000e+01 0.000000000000000000e+00 0.000000000000000000e+00
1.600000000000000000e+01 0.000000000000000000e+00 0.000000000000000000e+00
1.700000000000000000e+01 0.000000000000000000e+00 0.000000000000000000e+00
1.800000000000000000e+01 0.000000000000000000e+00 0.000000000000000000e+00
1.900000000000000000e+01 0.000000000000000000e+00 0.000000000000000000e+00
2.000000000000000000e+01 0.000000000000000000e+00 0.000000000000000000e+00
2.100000000000000000e+01 0.000000000000000000e+00 0.000000000000000000e+00
2.200000000000000000e+01 0.000000000000000000e+00 0.000000000000000000e+00
2.300000000000000000e+01 8.275000000000000133e-01 2.399543432676877822e-02
2.400000000000000000e+01 3.749999999999999861e-02 1.171875000000000000e-02
2.500000000000000000e+01 0.000000000000000000e+00 0.000000000000000000e+00
2.600000000000000000e+01 0.000000000000000000e+00 0.000000000000000000e+00
2.700000000000000000e+01 0.000000000000000000e+00 0.000000000000000000e+00
2.800000000000000000e+01 3.749999999999999861e-02 1.171875000000000000e-02
2.900000000000000000e+01 8.275000000000000133e-01 2.399543432676877822e-02
3.000000000000000000e+01 0.000000000000000000e+00 0.000000000000000000e+00
3.100000000000000000e+01 0.000000000000000000e+00 0.000000000000000000e+00
3.200000000000000000e+01 0.000000000000000000e+00 0.000000000000000000e+00
3.300000000000000000e+01 0.000000000000000000e+00 0.000000000000000000e+00
3.400000000000000000e+01 0.000000000000000000e+00 0.000000000000000000e+00
3.500000000000000000e+01 0.000000000000000000e+00 0.000000000000000000e+00
3.600000000000000000e+01 0.000000000000000000e+00 0.000000000000000000e+00
3.700000000000000000e+01 0.000000000000000000e+00 0.000000000000000000e+00
3.800000000000000000e+01 0.000000000000000000e+00 0.000000000000000000e+00
3.900000000000000000e+01 0.000000000000000000e+00 0.000000000000000000e+00
4.000000000000000000e+01 0.000000000000000000e+00 0.000000000000000000e+00
4.100000000000000000e+01 0.000000000000000000e+00 0.000000000000000000e+00
4.200000000000000000e+01 0.000000000000000000e+00 0.000000000000000000e+00
4.300000000000000000e+01 0.000000000000000000e+00 0.000000000000000000e+00
4.400000000000000000e+01 0.000000000000000000e+00 0.000000000000000000e+00
4.500000000000000000e+01 0.000000000000000000e+00 0.000000000000000000e+00
4.600000000000000000e+01 0.000000000000000000e+00 0.000000000000000000e+00
4.700000000000000000e+01 0.000000000000000000e+00 0.000000000000000000e+00
4.800000000000000000e+01 0.000000000000000000e+00 0.000000000000000000e+00
4.900000000000000000e+01 0.000000000000000000e+00 0.000000000000000000e+00
5.000000000000000000e+01 0.000000000000000000e+00 0.000000000000000000e+00
5.100000000000000000e+01 0.000000000000000000e+00 0.000000000000000000e+00
5.200000000000000000e+01 0.000000000000000000e+00 0.000000000000000000e+00
5.300000000000000000e+01 0.000000000000000000e+00 0.000000000000000000e+00
5.400000000000000000e+01 0.000000000000000000e+00 0.000000000000000000e+00
5.500000000000000000e+01 0.000000000000000000e+00 0.000000000000000000e+00
5.600000000000000000e+01 0.000000000000000000e+00 0.000000000000000000e+00
5.700000000000000000e+01 0.000000000000000000e+00 0.000000000000000000e+00
5.800000000000000000e+01 0.000000000000000000e+00 0.000000000000000000e+00
5.900000000000000000e+01 0.000000000000000000e+00 0.000000000000000000e+00
6.000000000000000000e+01 0.000000000000000000e+00 0.000000000000000000e+00
6.100000000000000000e+01 0.000000000000000000e+00 0.000000000000000000e+00
6.200000000000000000e+01 0.000000000000000000e+00 0.000000000000000000e+00
6.300000000000000000e+01 0.000000000000000000e+00 0.000000000000000000e+00
6.400000000000000000e+01 0.000000000000000000e+00 0.000000000000000000e+00
6.500000000000000000e+01 0.000000000000000000e+00 0.000000000000000000e+00
6.600000000000000000e+01 0.000000000000000000e+00 0.000000000000000000e+00
6.700000000000000000e+01 0.000000000000000000e+00 0.000000000000000000e+00
6.800000000000000000e+01 0.000000000000000000e+00 0.000000000000000000e+00
6.900000000000000000e+01 0.000000000000000000e+00 0.000000000000000000e+00
7.000000000000000000e+01 0.000000000000000000e+00 0.000000000000000000e+00
7.100000000000000000e+01 0.000000000000000000e+00 0.000000000000000000e+00
7.200000000000000000e+01 0.000000000000000000e+00 0.000000000000000000e+00
7.300000000000000000e+01 0.000000000000000000e+00 0.000000000000000000e+00
7.400000000000000000e+01 0.000000000000000000e+00 0.000000000000000000e+00
7.500000000000000000e+01 0.000000000000000000e+00 0.000000000000000000e+00
7.600000000000000000e+01 0.000000000000000000e+00 0.000000000000000000e+00
7.700000000000000000e+01 0.000000000000000000e+00 0.000000000000000000e+00
7.800000000000000000e+01 0.000000000000000000e+00 0.000000000000000000e+00
7.900000000000000000e+01 0.000000000000000000e+00 0.000000000000000000e+00
8.000000000000000000e+01 0.000000000000000000e+00 0.000000000000000000e+00
8.100000000000000000e+01 0.000000000000000000e+00 0.000000000000000000e+00
8.200000000000000000e+01 0.000000000000000000e+00 0.000000000000000000e+00
8.300000000000000000e+01 0.000000000000000000e+00 0.000000000000000000e+00
8.400000000000000000e+01 0.000000000000000000e+00 0.000000000000000000e+00
8.500000000000000000e+01 0.000000000000000000e+00 0.000000000000000000e+00
8.600000000000000000e+01 0.000000000000000000e+00 0.000000000000000000e+00
8.700000000000000000e+01 0.000000000000000000e+00 0.000000000000000000e+00
8.800000000000000000e+01 0.000000000000000000e+00 0.000000000000000000e+00
8.900000000000000000e+01 0.000000000000000000e+00 0.000000000000000000e+00
9.000000000000000000e+01 0.000000000000000000e+00 0.000000000000000000e+00
9.100000000000000000e+01 0.000000000000000000e+00 0.000000000000000000e+00
9.200000000000000000e+01 0.000000000000000000e+00 0.000000000000000000e+00
9.300000000000000000e+01 0.000000000000000000e+00 0.000000000000000000e+00
9.400000000000000000e+01 0.000000000000000000e+00 0.000000000000000000e+00
9.500000000000000000e+01 0.000000000000000000e+00 0.000000000000000000e+00
9.600000000000000000e+01 0.000000000000000000e+00 0.000000000000000000e+00
9.700000000000000000e+01 0.000000000000000000e+00 0.000000000000000000e+00
9.800000000000000000e+01 0.000000000000000000e+00 0.000000000000000000e+00
9.900000000000000000e+01 0.000000000000000000e+00 0.000000000000000000e+00
1.000000000000000000e+02 0.000000000000000000e+00 0.000000000000000000e+00
1.010000000000000000e+02 0.000000000000000000e+00 0.000000000000000000e+00
1.020000000000000000e+02 0.000000000000000000e+00 0.000000000000000000e+00
1.030000000000000000e+02 0.000000000000000000e+00 0.000000000000000000e+00
1.040000000000000000e+02 0.000000000000000000e+00 0.000000000000000000e+00
1.050000000000000000e+02 0.000000000000000000e+00 0.000000000000000000e+00
1.060000000000000000e+02 0.000000000000000000e+00 0.000000000000000000e+00
1.070000000000000000e+02 0.000000000000000000e+00 0.000000000000000000e+00
1.080000000000000000e+02 0.000000000000000000e+00 0.000000000000000000e+00
1.090000000000000000e+02 0.000000000000000000e+00 0.000000000000000000e+00
1.100000000000000000e+02 0.000000000000000000e+00 0.000000000000000000e+00
1.110000000000000000e+02 0.000000000000000000e+00 0.000000000000000000e+00
1.120000000000000000e+02 0.000000000000000000e+00 0.000000000000000000e+00
1.130000000000000000e+02 0.000000000000000000e+00 0.000000000000000000e+00
1.140000000000000000e+02 0.000000000000000000e+00 0.000000000000000000e+00
1.150000000000000000e+02 0.000000000000000000e+00 0.000000000000000000e+00
1.000000000000000000e+00 0.000000000000000000e+00 0.000000000000000000e+00
2.000000000000000000e+00 0.000000000000000000e+00 0.000000000000000000e+00
3.000000000000000000e+00 0.000000000000000000e+00 0.000000000000000000e+00
4.000000000000000000e+00 0.000000000000000000e+00 0.000000000000000000e+00
5.000000000000000000e+00 0.000000000000000000e+00 0.000000000000000000e+00
6.000000000000000000e+00 0.000000000000000000e+00 0.000000000000000000e+00
7.000000000000000000e+00 0.000000000000000000e+00 0.000000000000000000e+00
8.000000000000000000e+00 0.000000000000000000e+00 0.000000000000000000e+00
9.000000000000000000e+00 0.000000000000000000e+00 0.000000000000000000e+00
1.000000000000000000e+01 0.000000000000000000e+00 0.000000000000000000e+00
1.100000000000000000e+01 0.000000000000000000e+00 0.000000000000000000e+00
1.200000000000000000e+01 9.949999999999999956e-01 3.898613140300613133e-03
1.300000000000000000e+01 8.850000000000000089e-01 2.038976207091072398e-02
1.400000000000000000e+01 8.675000000000000488e-01 2.245961060958383618e-02
1.500000000000000000e+01 1.000000000000000000e+00 0.000000000000000000e+00
1.600000000000000000e+01 1.000000000000000000e+00 0.000000000000000000e+00
1.700000000000000000e+01 1.000000000000000000e+00 0.000000000000000000e+00
1.800000000000000000e+01 1.000000000000000000e+00 0.000000000000000000e+00
1.900000000000000000e+01 9.875000000000000444e-01 7.751224544134543114e-03
2.000000000000000000e+01 1.250000000000000069e-02 8.648920695272632048e-03
2.100000000000000000e+01 0.000000000000000000e+00 0.000000000000000000e+00
2.200000000000000000e+01 0.000000000000000000e+00 0.000000000000000000e+00
2.300000000000000000e+01 0.000000000000000000e+00 0.000000000000000000e+00
2.400000000000000000e+01 0.000000000000000000e+00 0.000000000000000000e+00
2.500000000000000000e+01 1.000000000000000000e+00 0.000000000000000000e+00
2.600000000000000000e+01 1.000000000000000000e+00 0.000000000000000000e+00
2.700000000000000000e+01 1.000000000000000000e+00 0.000000000000000000e+00
2.800000000000000000e+01 1.000000000000000000e+00 0.000000000000000000e+00
2.900000000000000000e+01 1.000000000000000000e+00 0.000000000000000000e+00
3.000000000000000000e+01 1.000000000000000000e+00 0.000000000000000000e+00
3.100000000000000000e+01 0.000000000000000000e+00 0.000000000000000000e+00
3.200000000000000000e+01 0.000000000000000000e+00 0.000000000000000000e+00
3.300000000000000000e+01 0.000000000000000000e+00 0.000000000000000000e+00
3.400000000000000000e+01 0.000000000000000000e+00 0.000000000000000000e+00
3.500000000000000000e+01 0.000000000000000000e+00 0.000000000000000000e+00
3.600000000000000000e+01 1.000000000000000000e+00 0.000000000000000000e+00
3.700000000000000000e+01 1.000000000000000000e+00 0.000000000000000000e+00
3.800000000000000000e+01 1.000000000000000000e+00 0.000000000000000000e+00
3.900000000000000000e+01 0.000000000000000000e+00 0.000000000000000000e+00
4.000000000000000000e+01 0.000000000000000000e+00 0.000000000000000000e+00
4.100000000000000000e+01 0.000000000000000000e+00 0.000000000000000000e+00
4.200000000000000000e+01 1.000000000000000000e+00 0.000000000000000000e+00
4.300000000000000000e+01 0.000000000000000000e+00 0.000000000000000000e+00
4.400000000000000000e+01 5.000000000000000104e-03 3.898613140300613133e-03
4.500000000000000000e+01 0.000000000000000000e+00 0.000000000000000000e+00
4.600000000000000000e+01 3.125000000000000000e-01 2.886956438698524974e-02
4.700000000000000000e+01 9.899999999999999911e-01 6.726063141580034162e-03
4.800000000000000000e+01 9.949999999999999956e-01 0.000000000000000000e+00
4.900000000000000000e+01 1.000000000000000000e+00 0.000000000000000000e+00
5.000000000000000000e+01 9.799999999999999822e-01 1.069770620127277576e-02
5.100000000000000000e+01 8.675000000000000488e-01 2.245961060958383618e-02
5.200000000000000000e+01 8.850000000000000089e-01 2.038976207091072398e-02
5.300000000000000000e+01 9.949999999999999956e-01 3.898613140300613133e-03
5.400000000000000000e+01 0.000000000000000000e+00 0.000000000000000000e+00
5.500000000000000000e+01 0.000000000000000000e+00 0.000000000000000000e+00
5.600000000000000000e+01 0.000000000000000000e+00 0.000000000000000000e+00
5.700000000000000000e+01 6.899999999999999467e-01 2.866235892140088504e-02
5.800000000000000000e+01 1.000000000000000000e+00 0.000000000000000000e+00
5.900000000000000000e+01 1.000000000000000000e+00 0.000000000000000000e+00
6.000000000000000000e+01 1.000000000000000000e+00 0.000000000000000000e+00
6.100000000000000000e+01 1.000000000000000000e+00 0.000000000000000000e+00
6.200000000000000000e+01 1.000000000000000000e+00 0.000000000000000000e+00
6.300000000000000000e+01 0.000000000000000000e+00 0.000000000000000000e+00
6.400000000000000000e+01 0.000000000000000000e+00 0.000000000000000000e+00
6.500000000000000000e+01 0.000000000000000000e+00 0.000000000000000000e+00
6.600000000000000000e+01 0.000000000000000000e+00 0.000000000000000000e+00
6.700000000000000000e+01 1.750000000000000167e-02 8.562342732788174454e-03
6.800000000000000000e+01 1.000000000000000000e+00 0.000000000000000000e+00
6.900000000000000000e+01 1.250000000000000000e-01 1.950682065960759534e-02
7.000000000000000000e+01 9.975000000000000533e-01 3.898613140300613133e-03
7.100000000000000000e+01 9.975000000000000533e-01 3.898613140300613133e-03
7.200000000000000000e+01 0.000000000000000000e+00 0.000000000000000000e+00
7.300000000000000000e+01 0.000000000000000000e+00 0.000000000000000000e+00
7.400000000000000000e+01 9.224999999999999867e-01 1.697084687205348275e-02
7.500000000000000000e+01 0.000000000000000000e+00 0.000000000000000000e+00
7.600000000000000000e+01 1.499999999999999944e-02 7.751224544134543114e-03
7.700000000000000000e+01 1.000000000000000000e+00 0.000000000000000000e+00
7.800000000000000000e+01 0.000000000000000000e+00 0.000000000000000000e+00
7.900000000000000000e+01 0.000000000000000000e+00 0.000000000000000000e+00
8.000000000000000000e+01 0.000000000000000000e+00 0.000000000000000000e+00
8.100000000000000000e+01 0.000000000000000000e+00 0.000000000000000000e+00
8.200000000000000000e+01 0.000000000000000000e+00 0.000000000000000000e+00
8.300000000000000000e+01 6.250000000000000000e-02 1.372191943007460523e-02
8.400000000000000000e+01 0.000000000000000000e+00 0.000000000000000000e+00
8.500000000000000000e+01 0.000000000000000000e+00 0.000000000000000000e+00
8.600000000000000000e+01 6.250000000000000000e-02 1.372191943007460523e-02
8.700000000000000000e+01 2.500000000000000052e-03 3.898613140300613133e-03
8.800000000000000000e+01 1.000000000000000000e+00 0.000000000000000000e+00
8.900000000000000000e+01 1.000000000000000000e+00 0.000000000000000000e+00
9.000000000000000000e+01 1.000000000000000000e+00 0.000000000000000000e+00
9.100000000000000000e+01 9.925000000000000488e-01 6.726063141580034162e-03
9.200000000000000000e+01 9.975000000000000533e-01 3.898613140300613133e-03
9.300000000000000000e+01 9.975000000000000533e-01 3.898613140300613133e-03
9.400000000000000000e+01 9.249999999999999889e-02 1.980851777787516477e-02
9.500000000000000000e+01 0.000000000000000000e+00 0.000000000000000000e+00
9.600000000000000000e+01 0.000000000000000000e+00 0.000000000000000000e+00
9.700000000000000000e+01 0.000000000000000000e+00 0.000000000000000000e+00
9.800000000000000000e+01 0.000000000000000000e+00 0.000000000000000000e+00
9.900000000000000000e+01 0.000000000000000000e+00 0.000000000000000000e+00
1.000000000000000000e+02 0.000000000000000000e+00 0.000000000000000000e+00
1.010000000000000000e+02 0.000000000000000000e+00 0.000000000000000000e+00
1.020000000000000000e+02 0.000000000000000000e+00 0.000000000000000000e+00
1.030000000000000000e+02 0.000000000000000000e+00 0.000000000000000000e+00
1.040000000000000000e+02 0.000000000000000000e+00 0.000000000000000000e+00
1.050000000000000000e+02 0.000000000000000000e+00 0.000000000000000000e+00
1.060000000000000000e+02 0.000000000000000000e+00 0.000000000000000000e+00
1.070000000000000000e+02 0.000000000000000000e+00 0.000000000000000000e+00
1.080000000000000000e+02 0.000000000000000000e+00 0.000000000000000000e+00
1.090000000000000000e+02 0.000000000000000000e+00 0.000000000000000000e+00
1.100000000000000000e+02 0.000000000000000000e+00 0.000000000000000000e+00
1.110000000000000000e+02 0.000000000000000000e+00 0.000000000000000000e+00
1.120000000000000000e+02 0.000000000000000000e+00 0.000000000000000000e+00
1.130000000000000000e+02 0.000000000000000000e+00 0.000000000000000000e+00
1.140000000000000000e+02 0.000000000000000000e+00 0.000000000000000000e+00
1.150000000000000000e+02 0.000000000000000000e+00 0.000000000000000000e+00
1.160000000000000000e+02 0.000000000000000000e+00 0.000000000000000000e+00
1.170000000000000000e+02 0.000000000000000000e+00 0.000000000000000000e+00
1.180000000000000000e+02 0.000000000000000000e+00 0.000000000000000000e+00
1.190000000000000000e+02 0.000000000000000000e+00 0.000000000000000000e+00
1.200000000000000000e+02 0.000000000000000000e+00 0.000000000000000000e+00
1.210000000000000000e+02 0.000000000000000000e+00 0.000000000000000000e+00
1.220000000000000000e+02 0.000000000000000000e+00 0.000000000000000000e+00
1.230000000000000000e+02 0.000000000000000000e+00 0.000000000000000000e+00
1.240000000000000000e+02 0.000000000000000000e+00 0.000000000000000000e+00
1.250000000000000000e+02 0.000000000000000000e+00 0.000000000000000000e+00
1.260000000000000000e+02 0.000000000000000000e+00 0.000000000000000000e+00
1.270000000000000000e+02 0.000000000000000000e+00 0.000000000000000000e+00
1.280000000000000000e+02 0.000000000000000000e+00 0.000000000000000000e+00
1.290000000000000000e+02 0.000000000000000000e+00 0.000000000000000000e+00
1.300000000000000000e+02 0.000000000000000000e+00 0.000000000000000000e+00
1.310000000000000000e+02 0.000000000000000000e+00 0.000000000000000000e+00
1.320000000000000000e+02 0.000000000000000000e+00 0.000000000000000000e+00
1.330000000000000000e+02 0.000000000000000000e+00 0.000000000000000000e+00
1.340000000000000000e+02 0.000000000000000000e+00 0.000000000000000000e+00
1.350000000000000000e+02 0.000000000000000000e+00 0.000000000000000000e+00
1.360000000000000000e+02 0.000000000000000000e+00 0.000000000000000000e+00
1.370000000000000000e+02 0.000000000000000000e+00 0.000000000000000000e+00
1.380000000000000000e+02 0.000000000000000000e+00 0.000000000000000000e+00
1.390000000000000000e+02 0.000000000000000000e+00 0.000000000000000000e+00
1.400000000000000000e+02 0.000000000000000000e+00 0.000000000000000000e+00
1.410000000000000000e+02 0.000000000000000000e+00 0.000000000000000000e+00
1.420000000000000000e+02 0.000000000000000000e+00 0.000000000000000000e+00
1.430000000000000000e+02 0.000000000000000000e+00 0.000000000000000000e+00
1.440000000000000000e+02 0.000000000000000000e+00 0.000000000000000000e+00
1.450000000000000000e+02 0.000000000000000000e+00 0.000000000000000000e+00
1.460000000000000000e+02 0.000000000000000000e+00 0.000000000000000000e+00
1.470000000000000000e+02 0.000000000000000000e+00 0.000000000000000000e+00
1.480000000000000000e+02 2.500000000000000052e-03 3.898613140300613133e-03
1.490000000000000000e+02 0.000000000000000000e+00 0.000000000000000000e+00
1.000000000000000000e+00 0.000000000000000000e+00 0.000000000000000000e+00
2.000000000000000000e+00 0.000000000000000000e+00 0.000000000000000000e+00
3.000000000000000000e+00 9.725000000000000311e-01 0.000000000000000000e+00
4.000000000000000000e+00 1.000000000000000000e+00 0.000000000000000000e+00
5.000000000000000000e+00 1.000000000000000000e+00 0.000000000000000000e+00
6.000000000000000000e+00 1.000000000000000000e+00 0.000000000000000000e+00
7.000000000000000000e+00 1.000000000000000000e+00 0.000000000000000000e+00
8.000000000000000000e+00 6.250000000000000000e-02 1.421057833091332774e-02
9.000000000000000000e+00 0.000000000000000000e+00 0.000000000000000000e+00
1.000000000000000000e+01 0.000000000000000000e+00 0.000000000000000000e+00
1.100000000000000000e+01 0.000000000000000000e+00 0.000000000000000000e+00
1.200000000000000000e+01 0.000000000000000000e+00 0.000000000000000000e+00
1.300000000000000000e+01 1.000000000000000000e+00 0.000000000000000000e+00
1.400000000000000000e+01 1.000000000000000000e+00 0.000000000000000000e+00
1.500000000000000000e+01 1.000000000000000000e+00 0.000000000000000000e+00
1.600000000000000000e+01 1.000000000000000000e+00 0.000000000000000000e+00
1.700000000000000000e+01 9.725000000000000311e-01 0.000000000000000000e+00
1.800000000000000000e+01 0.000000000000000000e+00 0.000000000000000000e+00
1.900000000000000000e+01 0.000000000000000000e+00 0.000000000000000000e+00
2.000000000000000000e+01 0.000000000000000000e+00 0.000000000000000000e+00
2.100000000000000000e+01 0.000000000000000000e+00 0.000000000000000000e+00
2.200000000000000000e+01 0.000000000000000000e+00 0.000000000000000000e+00
2.300000000000000000e+01 0.000000000000000000e+00 0.000000000000000000e+00
2.400000000000000000e+01 0.000000000000000000e+00 0.000000000000000000e+00
2.500000000000000000e+01 0.000000000000000000e+00 0.000000000000000000e+00
2.600000000000000000e+01 0.000000000000000000e+00 0.000000000000000000e+00
2.700000000000000000e+01 0.000000000000000000e+00 0.000000000000000000e+00
2.800000000000000000e+01 0.000000000000000000e+00 0.000000000000000000e+00
2.900000000000000000e+01 0.000000000000000000e+00 0.000000000000000000e+00
3.000000000000000000e+01 0.000000000000000000e+00 0.000000000000000000e+00
3.100000000000000000e+01 0.000000000000000000e+00 0.000000000000000000e+00
3.200000000000000000e+01 0.000000000000000000e+00 0.000000000000000000e+00
3.300000000000000000e+01 0.000000000000000000e+00 0.000000000000000000e+00
3.400000000000000000e+01 5.000000000000000104e-03 0.000000000000000000e+00
3.500000000000000000e+01 0.000000000000000000e+00 0.000000000000000000e+00
3.600000000000000000e+01 0.000000000000000000e+00 0.000000000000000000e+00
3.700000000000000000e+01 0.000000000000000000e+00 0.000000000000000000e+00
3.800000000000000000e+01 0.000000000000000000e+00 0.000000000000000000e+00
3.900000000000000000e+01 0.000000000000000000e+00 0.000000000000000000e+00
4.000000000000000000e+01 0.000000000000000000e+00 0.000000000000000000e+00
4.100000000000000000e+01 5.000000000000000104e-03 0.000000000000000000e+00
4.200000000000000000e+01 0.000000000000000000e+00 0.000000000000000000e+00
4.300000000000000000e+01 5.000000000000000104e-03 3.898613140300613133e-03
4.400000000000000000e+01 7.225000000000000311e-01 4.978553553332377285e-02
4.500000000000000000e+01 9.599999999999999645e-01 1.087453977115238578e-02
4.600000000000000000e+01 9.725000000000000311e-01 9.108768606532046536e-03
4.700000000000000000e+01 6.250000000000000000e-02 1.421057833091332774e-02
4.800000000000000000e+01 0.000000000000000000e+00 0.000000000000000000e+00
4.900000000000000000e+01 0.000000000000000000e+00 0.000000000000000000e+00
5.000000000000000000e+01 0.000000000000000000e+00 0.000000000000000000e+00
5.100000000000000000e+01 0.000000000000000000e+00 0.000000000000000000e+00
5.200000000000000000e+01 0.000000000000000000e+00 0.000000000000000000e+00
5.300000000000000000e+01 0.000000000000000000e+00 0.000000000000000000e+00
5.400000000000000000e+01 0.000000000000000000e+00 0.000000000000000000e+00
5.500000000000000000e+01 0.000000000000000000e+00 0.000000000000000000e+00
5.600000000000000000e+01 0.000000000000000000e+00 0.000000000000000000e+00
5.700000000000000000e+01 0.000000000000000000e+00 0.000000000000000000e+00
5.800000000000000000e+01 0.000000000000000000e+00 0.000000000000000000e+00
5.900000000000000000e+01 0.000000000000000000e+00 0.000000000000000000e+00
6.000000000000000000e+01 0.000000000000000000e+00 0.000000000000000000e+00
6.100000000000000000e+01 0.000000000000000000e+00 0.000000000000000000e+00
6.200000000000000000e+01 0.000000000000000000e+00 0.000000000000000000e+00
6.300000000000000000e+01 0.000000000000000000e+00 0.000000000000000000e+00
6.400000000000000000e+01 0.000000000000000000e+00 0.000000000000000000e+00
6.500000000000000000e+01 0.000000000000000000e+00 0.000000000000000000e+00
6.600000000000000000e+01 0.000000000000000000e+00 0.000000000000000000e+00
6.700000000000000000e+01 0.000000000000000000e+00 0.000000000000000000e+00
6.800000000000000000e+01 0.000000000000000000e+00 0.000000000000000000e+00
6.900000000000000000e+01 0.000000000000000000e+00 0.000000000000000000e+00
7.000000000000000000e+01 0.000000000000000000e+00 0.000000000000000000e+00
7.100000000000000000e+01 0.000000000000000000e+00 0.000000000000000000e+00
7.200000000000000000e+01 0.000000000000000000e+00 0.000000000000000000e+00
7.300000000000000000e+01 0.000000000000000000e+00 0.000000000000000000e+00
7.400000000000000000e+01 0.000000000000000000e+00 0.000000000000000000e+00
7.500000000000000000e+01 9.249999999999999889e-02 1.980851777787516477e-02
7.600000000000000000e+01 0.000000000000000000e+00 0.000000000000000000e+00
7.700000000000000000e+01 0.000000000000000000e+00 0.000000000000000000e+00
7.800000000000000000e+01 0.000000000000000000e+00 0.000000000000000000e+00
7.900000000000000000e+01 0.000000000000000000e+00 0.000000000000000000e+00
8.000000000000000000e+01 0.000000000000000000e+00 0.000000000000000000e+00
8.100000000000000000e+01 0.000000000000000000e+00 0.000000000000000000e+00
8.200000000000000000e+01 0.000000000000000000e+00 0.000000000000000000e+00
8.300000000000000000e+01 0.000000000000000000e+00 0.000000000000000000e+00
8.400000000000000000e+01 0.000000000000000000e+00 0.000000000000000000e+00
8.500000000000000000e+01 0.000000000000000000e+00 0.000000000000000000e+00
8.600000000000000000e+01 0.000000000000000000e+00 0.000000000000000000e+00
8.700000000000000000e+01 0.000000000000000000e+00 0.000000000000000000e+00
8.800000000000000000e+01 0.000000000000000000e+00 0.000000000000000000e+00
8.900000000000000000e+01 0.000000000000000000e+00 0.000000000000000000e+00
9.000000000000000000e+01 0.000000000000000000e+00 0.000000000000000000e+00
9.100000000000000000e+01 0.000000000000000000e+00 0.000000000000000000e+00
9.200000000000000000e+01 0.000000000000000000e+00 0.000000000000000000e+00
9.300000000000000000e+01 0.000000000000000000e+00 0.000000000000000000e+00
9.400000000000000000e+01 0.000000000000000000e+00 0.000000000000000000e+00
9.500000000000000000e+01 0.000000000000000000e+00 0.000000000000000000e+00
9.600000000000000000e+01 0.000000000000000000e+00 0.000000000000000000e+00
9.700000000000000000e+01 0.000000000000000000e+00 0.000000000000000000e+00
1.000000000000000000e+00 0.000000000000000000e+00 0.000000000000000000e+00
2.000000000000000000e+00 9.000000000000000222e-01 1.767955760764811785e-02
3.000000000000000000e+00 9.975000000000000533e-01 0.000000000000000000e+00
4.000000000000000000e+00 9.975000000000000533e-01 0.000000000000000000e+00
5.000000000000000000e+00 1.000000000000000000e+00 0.000000000000000000e+00
6.000000000000000000e+00 1.000000000000000000e+00 0.000000000000000000e+00
7.000000000000000000e+00 1.000000000000000000e+00 0.000000000000000000e+00
8.000000000000000000e+00 1.000000000000000000e+00 0.000000000000000000e+00
9.000000000000000000e+00 9.975000000000000533e-01 3.898613140300613133e-03
1.000000000000000000e+01 9.174999999999999822e-01 1.832193656181027239e-02
1.100000000000000000e+01 0.000000000000000000e+00 0.000000000000000000e+00
1.200000000000000000e+01 1.000000000000000000e+00 0.000000000000000000e+00
1.300000000000000000e+01 1.000000000000000000e+00 0.000000000000000000e+00
1.400000000000000000e+01 1.000000000000000000e+00 0.000000000000000000e+00
1.500000000000000000e+01 1.000000000000000000e+00 0.000000000000000000e+00
1.600000000000000000e+01 1.000000000000000000e+00 0.000000000000000000e+00
1.700000000000000000e+01 9.975000000000000533e-01 0.000000000000000000e+00
1.800000000000000000e+01 9.975000000000000533e-01 0.000000000000000000e+00
1.900000000000000000e+01 9.000000000000000222e-01 1.767955760764811785e-02
2.000000000000000000e+01 0.000000000000000000e+00 0.000000000000000000e+00
2.100000000000000000e+01 0.000000000000000000e+00 0.000000000000000000e+00
2.200000000000000000e+01 0.000000000000000000e+00 0.000000000000000000e+00
2.300000000000000000e+01 1.000000000000000000e+00 0.000000000000000000e+00
2.400000000000000000e+01 0.000000000000000000e+00 0.000000000000000000e+00
2.500000000000000000e+01 0.000000000000000000e+00 0.000000000000000000e+00
2.600000000000000000e+01 0.000000000000000000e+00 0.000000000000000000e+00
2.700000000000000000e+01 0.000000000000000000e+00 0.000000000000000000e+00
2.800000000000000000e+01 0.000000000000000000e+00 0.000000000000000000e+00
2.900000000000000000e+01 0.000000000000000000e+00 0.000000000000000000e+00
3.000000000000000000e+01 0.000000000000000000e+00 0.000000000000000000e+00
3.100000000000000000e+01 0.000000000000000000e+00 0.000000000000000000e+00
3.200000000000000000e+01 0.000000000000000000e+00 0.000000000000000000e+00
3.300000000000000000e+01 0.000000000000000000e+00 0.000000000000000000e+00
3.400000000000000000e+01 0.000000000000000000e+00 0.000000000000000000e+00
3.500000000000000000e+01 0.000000000000000000e+00 0.000000000000000000e+00
3.600000000000000000e+01 0.000000000000000000e+00 0.000000000000000000e+00
3.700000000000000000e+01 0.000000000000000000e+00 0.000000000000000000e+00
3.800000000000000000e+01 0.000000000000000000e+00 0.000000000000000000e+00
3.900000000000000000e+01 0.000000000000000000e+00 0.000000000000000000e+00
4.000000000000000000e+01 0.000000000000000000e+00 0.000000000000000000e+00
4.100000000000000000e+01 0.000000000000000000e+00 0.000000000000000000e+00
4.200000000000000000e+01 9.849999999999999867e-01 0.000000000000000000e+00
4.300000000000000000e+01 1.000000000000000000e+00 0.000000000000000000e+00
4.400000000000000000e+01 1.000000000000000000e+00 0.000000000000000000e+00
4.500000000000000000e+01 1.000000000000000000e+00 0.000000000000000000e+00
4.600000000000000000e+01 9.975000000000000533e-01 3.898613140300613133e-03
4.700000000000000000e+01 0.000000000000000000e+00 0.000000000000000000e+00
4.800000000000000000e+01 0.000000000000000000e+00 0.000000000000000000e+00
4.900000000000000000e+01 9.975000000000000533e-01 3.898613140300613133e-03
5.000000000000000000e+01 1.000000000000000000e+00 0.000000000000000000e+00
5.100000000000000000e+01 1.424999999999999878e-01 1.933186806135659547e-02
5.200000000000000000e+01 0.000000000000000000e+00 0.000000000000000000e+00
5.300000000000000000e+01 0.000000000000000000e+00 0.000000000000000000e+00
5.400000000000000000e+01 0.000000000000000000e+00 0.000000000000000000e+00
5.500000000000000000e+01 0.000000000000000000e+00 0.000000000000000000e+00
5.600000000000000000e+01 1.000000000000000000e+00 0.000000000000000000e+00
5.700000000000000000e+01 0.000000000000000000e+00 0.000000000000000000e+00
5.800000000000000000e+01 0.000000000000000000e+00 0.000000000000000000e+00
5.900000000000000000e+01 0.000000000000000000e+00 0.000000000000000000e+00
6.000000000000000000e+01 0.000000000000000000e+00 0.000000000000000000e+00
6.100000000000000000e+01 0.000000000000000000e+00 0.000000000000000000e+00
6.200000000000000000e+01 0.000000000000000000e+00 0.000000000000000000e+00
6.300000000000000000e+01 0.000000000000000000e+00 0.000000000000000000e+00
6.400000000000000000e+01 0.000000000000000000e+00 0.000000000000000000e+00
6.500000000000000000e+01 0.000000000000000000e+00 0.000000000000000000e+00
6.600000000000000000e+01 0.000000000000000000e+00 0.000000000000000000e+00
6.700000000000000000e+01 0.000000000000000000e+00 0.000000000000000000e+00
6.800000000000000000e+01 8.275000000000000133e-01 2.197672488372619595e-02
6.900000000000000000e+01 0.000000000000000000e+00 0.000000000000000000e+00
7.000000000000000000e+01 0.000000000000000000e+00 0.000000000000000000e+00
7.100000000000000000e+01 8.275000000000000133e-01 2.197672488372619595e-02
7.200000000000000000e+01 0.000000000000000000e+00 0.000000000000000000e+00
7.300000000000000000e+01 1.000000000000000000e+00 0.000000000000000000e+00
7.400000000000000000e+01 1.000000000000000000e+00 0.000000000000000000e+00
7.500000000000000000e+01 1.000000000000000000e+00 0.000000000000000000e+00
7.600000000000000000e+01 1.000000000000000000e+00 0.000000000000000000e+00
7.700000000000000000e+01 1.000000000000000000e+00 0.000000000000000000e+00
7.800000000000000000e+01 1.000000000000000000e+00 0.000000000000000000e+00
7.900000000000000000e+01 9.849999999999999867e-01 0.000000000000000000e+00
8.000000000000000000e+01 9.899999999999999911e-01 0.000000000000000000e+00
8.100000000000000000e+01 9.449999999999999512e-01 1.421057833091332774e-02
8.200000000000000000e+01 0.000000000000000000e+00 0.000000000000000000e+00
8.300000000000000000e+01 0.000000000000000000e+00 0.000000000000000000e+00
8.400000000000000000e+01 9.449999999999999512e-01 1.421057833091332774e-02
8.500000000000000000e+01 9.899999999999999911e-01 0.000000000000000000e+00
8.600000000000000000e+01 0.000000000000000000e+00 0.000000000000000000e+00
8.700000000000000000e+01 0.000000000000000000e+00 0.000000000000000000e+00
8.800000000000000000e+01 0.000000000000000000e+00 0.000000000000000000e+00
8.900000000000000000e+01 0.000000000000000000e+00 0.000000000000000000e+00
9.000000000000000000e+01 9.174999999999999822e-01 1.832193656181027239e-02
9.100000000000000000e+01 0.000000000000000000e+00 0.000000000000000000e+00
9.200000000000000000e+01 0.000000000000000000e+00 0.000000000000000000e+00
9.300000000000000000e+01 0.000000000000000000e+00 0.000000000000000000e+00
9.400000000000000000e+01 0.000000000000000000e+00 0.000000000000000000e+00
9.500000000000000000e+01 0.000000000000000000e+00 0.000000000000000000e+00
9.600000000000000000e+01 0.000000000000000000e+00 0.000000000000000000e+00
9.700000000000000000e+01 0.000000000000000000e+00 0.000000000000000000e+00
9.800000000000000000e+01 0.000000000000000000e+00 0.000000000000000000e+00
9.900000000000000000e+01 0.000000000000000000e+00 0.000000000000000000e+00
1.000000000000000000e+02 0.000000000000000000e+00 0.000000000000000000e+00
1.010000000000000000e+02 0.000000000000000000e+00 0.000000000000000000e+00
1.020000000000000000e+02 0.000000000000000000e+00 0.000000000000000000e+00
1.030000000000000000e+02 0.000000000000000000e+00 0.000000000000000000e+00
1.040000000000000000e+02 0.000000000000000000e+00 0.000000000000000000e+00
1.500000000000000000e+02 0.000000000000000000e+00 0.000000000000000000e+00
