1.000000000000000000e+00 0.000000000000000000e+00 0.000000000000000000e+00
2.000000000000000000e+00 0.000000000000000000e+00 0.000000000000000000e+00
3.000000000000000000e+00 0.000000000000000000e+00 0.000000000000000000e+00
4.000000000000000000e+00 0.000000000000000000e+00 0.000000000000000000e+00
5.000000000000000000e+00 0.000000000000000000e+00 0.000000000000000000e+00
6.000000000000000000e+00 9.949999999999999956e-01 3.898613140300613133e-03
7.000000000000000000e+00 9.975000000000000533e-01 3.898613140300613133e-03
8.000000000000000000e+00 1.000000000000000000e+00 0.000000000000000000e+00
9.000000000000000000e+00 1.000000000000000000e+00 0.000000000000000000e+00
1.000000000000000000e+01 1.000000000000000000e+00 0.000000000000000000e+00
1.100000000000000000e+01 1.000000000000000000e+00 0.000000000000000000e+00
1.200000000000000000e+01 1.000000000000000000e+00 0.000000000000000000e+00
1.300000000000000000e+01 1.000000000000000000e+00 0.000000000000000000e+00
1.400000000000000000e+01 1.000000000000000000e+00 0.000000000000000000e+00
1.500000000000000000e+01 1.000000000000000000e+00 0.000000000000000000e+00
1.600000000000000000e+01 1.000000000000000000e+00 0.000000000000000000e+00
1.700000000000000000e+01 1.000000000000000000e+00 0.000000000000000000e+00
1.800000000000000000e+01 1.000000000000000000e+00 0.000000000000000000e+00
1.900000000000000000e+01 1.000000000000000000e+00 0.000000000000000000e+00
2.000000000000000000e+01 9.975000000000000533e-01 0.000000000000000000e+00
2.100000000000000000e+01 5.925000000000000266e-01 3.063162284395325868e-02
2.200000000000000000e+01 0.000000000000000000e+00 0.000000000000000000e+00
2.300000000000000000e+01 0.000000000000000000e+00 0.000000000000000000e+00
2.400000000000000000e+01 0.000000000000000000e+00 0.000000000000000000e+00
2.500000000000000000e+01 0.000000000000000000e+00 0.000000000000000000e+00
2.600000000000000000e+01 0.000000000000000000e+00 0.000000000000000000e+00
2.700000000000000000e+01 0.000000000000000000e+00 0.000000000000000000e+00
2.800000000000000000e+01 0.000000000000000000e+00 0.000000000000000000e+00
2.900000000000000000e+01 0.000000000000000000e+00 0.000000000000000000e+00
3.000000000000000000e+01 3.524999999999999800e-01 2.960349797122914864e-02
3.100000000000000000e+01 4.774999999999999800e-01 3.108841126582313763e-02
3.200000000000000000e+01 7.425000000000000488e-01 2.706109136214667268e-02
3.300000000000000000e+01 7.249999999999999778e-01 2.705448276795911766e-02
3.400000000000000000e+01 4.774999999999999800e-01 3.000050226426881697e-02
3.500000000000000000e+01 8.749999999999999445e-02 1.790068630842124933e-02
3.600000000000000000e+01 0.000000000000000000e+00 0.000000000000000000e+00
3.700000000000000000e+01 0.000000000000000000e+00 0.000000000000000000e+00
3.800000000000000000e+01 0.000000000000000000e+00 0.000000000000000000e+00
3.900000000000000000e+01 0.000000000000000000e+00 0.000000000000000000e+00
4.000000000000000000e+01 2.500000000000000052e-03 0.000000000000000000e+00
4.100000000000000000e+01 2.500000000000000052e-03 0.000000000000000000e+00
4.200000000000000000e+01 2.500000000000000052e-03 0.000000000000000000e+00
4.300000000000000000e+01 0.000000000000000000e+00 0.000000000000000000e+00
4.400000000000000000e+01 7.874999999999999778e-01 2.477756729758842646e-02
4.500000000000000000e+01 8.824999999999999512e-01 1.861882418450939297e-02
4.600000000000000000e+01 9.649999999999999689e-01 8.562342732788174454e-03
4.700000000000000000e+01 9.250000000000000444e-01 1.467892335503653660e-02
4.800000000000000000e+01 6.250000000000000000e-01 2.781917877586741195e-02
4.900000000000000000e+01 6.025000000000000355e-01 3.012738838066865085e-02
5.000000000000000000e+01 0.000000000000000000e+00 0.000000000000000000e+00
5.100000000000000000e+01 0.000000000000000000e+00 0.000000000000000000e+00
5.200000000000000000e+01 0.000000000000000000e+00 0.000000000000000000e+00
5.300000000000000000e+01 0.000000000000000000e+00 0.000000000000000000e+00
5.400000000000000000e+01 0.000000000000000000e+00 0.000000000000000000e+00
5.500000000000000000e+01 0.000000000000000000e+00 0.000000000000000000e+00
5.600000000000000000e+01 1.000000000000000000e+00 0.000000000000000000e+00
5.700000000000000000e+01 1.000000000000000000e+00 0.000000000000000000e+00
5.800000000000000000e+01 1.000000000000000000e+00 0.000000000000000000e+00
5.900000000000000000e+01 1.000000000000000000e+00 0.000000000000000000e+00
6.000000000000000000e+01 1.000000000000000000e+00 0.000000000000000000e+00
6.100000000000000000e+01 1.000000000000000000e+00 0.000000000000000000e+00
6.200000000000000000e+01 1.000000000000000000e+00 0.000000000000000000e+00
6.300000000000000000e+01 1.000000000000000000e+00 0.000000000000000000e+00
6.400000000000000000e+01 9.899999999999999911e-01 7.751224544134543114e-03
6.500000000000000000e+01 2.750000000000000014e-02 1.019268835212309640e-02
6.600000000000000000e+01 0.000000000000000000e+00 0.000000000000000000e+00
6.700000000000000000e+01 0.000000000000000000e+00 0.000000000000000000e+00
6.800000000000000000e+01 0.000000000000000000e+00 0.000000000000000000e+00
6.900000000000000000e+01 0.000000000000000000e+00 0.000000000000000000e+00
7.000000000000000000e+01 0.000000000000000000e+00 0.000000000000000000e+00
7.100000000000000000e+01 9.875000000000000444e-01 6.726063141580034162e-03
7.200000000000000000e+01 9.975000000000000533e-01 3.898613140300613133e-03
7.300000000000000000e+01 1.000000000000000000e+00 0.000000000000000000e+00
7.400000000000000000e+01 1.000000000000000000e+00 0.000000000000000000e+00
7.500000000000000000e+01 1.000000000000000000e+00 0.000000000000000000e+00
7.600000000000000000e+01 1.000000000000000000e+00 0.000000000000000000e+00
7.700000000000000000e+01 1.000000000000000000e+00 0.000000000000000000e+00
7.800000000000000000e+01 1.000000000000000000e+00 0.000000000000000000e+00
7.900000000000000000e+01 1.000000000000000000e+00 0.000000000000000000e+00
8.000000000000000000e+01 1.000000000000000000e+00 0.000000000000000000e+00
8.100000000000000000e+01 1.000000000000000000e+00 0.000000000000000000e+00
8.200000000000000000e+01 1.000000000000000000e+00 0.000000000000000000e+00
8.300000000000000000e+01 1.000000000000000000e+00 0.000000000000000000e+00
8.400000000000000000e+01 1.000000000000000000e+00 0.000000000000000000e+00
8.500000000000000000e+01 1.000000000000000000e+00 0.000000000000000000e+00
8.600000000000000000e+01 1.000000000000000000e+00 0.000000000000000000e+00
8.700000000000000000e+01 1.000000000000000000e+00 0.000000000000000000e+00
8.800000000000000000e+01 9.699999999999999734e-01 5.502650229289376971e-03
8.900000000000000000e+01 9.675000000000000266e-01 6.726063141580034162e-03
9.000000000000000000e+01 0.000000000000000000e+00 0.000000000000000000e+00
9.100000000000000000e+01 0.000000000000000000e+00 0.000000000000000000e+00
9.200000000000000000e+01 0.000000000000000000e+00 0.000000000000000000e+00
9.300000000000000000e+01 0.000000000000000000e+00 0.000000000000000000e+00
9.400000000000000000e+01 7.275000000000000355e-01 3.303034086970266237e-02
9.500000000000000000e+01 9.375000000000000000e-01 1.597955876167340972e-02
9.600000000000000000e+01 9.925000000000000488e-01 0.000000000000000000e+00
9.700000000000000000e+01 9.875000000000000444e-01 0.000000000000000000e+00
9.800000000000000000e+01 9.975000000000000533e-01 3.898613140300613133e-03
9.900000000000000000e+01 1.000000000000000000e+00 0.000000000000000000e+00
1.000000000000000000e+02 1.000000000000000000e+00 0.000000000000000000e+00
1.010000000000000000e+02 1.000000000000000000e+00 0.000000000000000000e+00
1.020000000000000000e+02 1.000000000000000000e+00 0.000000000000000000e+00
1.030000000000000000e+02 1.000000000000000000e+00 0.000000000000000000e+00
1.040000000000000000e+02 1.000000000000000000e+00 0.000000000000000000e+00
1.050000000000000000e+02 1.000000000000000000e+00 0.000000000000000000e+00
1.060000000000000000e+02 1.000000000000000000e+00 0.000000000000000000e+00
1.070000000000000000e+02 1.000000000000000000e+00 0.000000000000000000e+00
1.080000000000000000e+02 1.000000000000000000e+00 0.000000000000000000e+00
1.090000000000000000e+02 1.000000000000000000e+00 0.000000000000000000e+00
1.100000000000000000e+02 9.975000000000000533e-01 0.000000000000000000e+00
1.110000000000000000e+02 9.899999999999999911e-01 5.502650229289376971e-03
1.120000000000000000e+02 9.799999999999999822e-01 8.562342732788174454e-03
1.130000000000000000e+02 8.874999999999999556e-01 1.867955006190290257e-02
1.140000000000000000e+02 4.250000000000000305e-02 0.000000000000000000e+00
1.150000000000000000e+02 0.000000000000000000e+00 0.000000000000000000e+00
1.000000000000000000e+00 0.000000000000000000e+00 0.000000000000000000e+00
2.000000000000000000e+00 1.499999999999999944e-02 0.000000000000000000e+00
3.000000000000000000e+00 1.499999999999999944e-02 0.000000000000000000e+00
4.000000000000000000e+00 1.499999999999999944e-02 0.000000000000000000e+00
5.000000000000000000e+00 0.000000000000000000e+00 0.000000000000000000e+00
6.000000000000000000e+00 0.000000000000000000e+00 0.000000000000000000e+00
7.000000000000000000e+00 0.000000000000000000e+00 0.000000000000000000e+00
8.000000000000000000e+00 0.000000000000000000e+00 0.000000000000000000e+00
9.000000000000000000e+00 0.000000000000000000e+00 0.000000000000000000e+00
1.000000000000000000e+01 0.000000000000000000e+00 0.000000000000000000e+00
1.100000000000000000e+01 0.000000000000000000e+00 0.000000000000000000e+00
1.200000000000000000e+01 0.000000000000000000e+00 0.000000000000000000e+00
1.300000000000000000e+01 0.000000000000000000e+00 0.000000000000000000e+00
1.400000000000000000e+01 0.000000000000000000e+00 0.000000000000000000e+00
1.500000000000000000e+01 0.000000000000000000e+00 0.000000000000000000e+00
1.600000000000000000e+01 0.000000000000000000e+00 0.000000000000000000e+00
1.700000000000000000e+01 0.000000000000000000e+00 0.000000000000000000e+00
1.800000000000000000e+01 0.000000000000000000e+00 0.000000000000000000e+00
1.900000000000000000e+01 0.000000000000000000e+00 0.000000000000000000e+00
2.000000000000000000e+01 0.000000000000000000e+00 0.000000000000000000e+00
2.100000000000000000e+01 0.000000000000000000e+00 0.000000000000000000e+00
2.200000000000000000e+01 0.000000000000000000e+00 0.000000000000000000e+00
2.300000000000000000e+01 0.000000000000000000e+00 0.000000000000000000e+00
2.400000000000000000e+01 0.000000000000000000e+00 0.000000000000000000e+00
2.500000000000000000e+01 0.000000000000000000e+00 0.000000000000000000e+00
2.600000000000000000e+01 0.000000000000000000e+00 0.000000000000000000e+00
2.700000000000000000e+01 0.000000000000000000e+00 0.000000000000000000e+00
2.800000000000000000e+01 0.000000000000000000e+00 0.000000000000000000e+00
2.900000000000000000e+01 0.000000000000000000e+00 0.000000000000000000e+00
3.000000000000000000e+01 0.000000000000000000e+00 0.000000000000000000e+00
3.100000000000000000e+01 0.000000000000000000e+00 0.000000000000000000e+00
3.200000000000000000e+01 0.000000000000000000e+00 0.000000000000000000e+00
3.300000000000000000e+01 0.000000000000000000e+00 0.000000000000000000e+00
3.400000000000000000e+01 0.000000000000000000e+00 0.000000000000000000e+00
3.500000000000000000e+01 0.000000000000000000e+00 0.000000000000000000e+00
3.600000000000000000e+01 0.000000000000000000e+00 0.000000000000000000e+00
3.700000000000000000e+01 0.000000000000000000e+00 0.000000000000000000e+00
3.800000000000000000e+01 0.000000000000000000e+00 0.000000000000000000e+00
3.900000000000000000e+01 0.000000000000000000e+00 0.000000000000000000e+00
4.000000000000000000e+01 0.000000000000000000e+00 0.000000000000000000e+00
4.100000000000000000e+01 0.000000000000000000e+00 0.000000000000000000e+00
4.200000000000000000e+01 0.000000000000000000e+00 0.000000000000000000e+00
4.300000000000000000e+01 0.000000000000000000e+00 0.000000000000000000e+00
4.400000000000000000e+01 0.000000000000000000e+00 0.000000000000000000e+00
4.500000000000000000e+01 0.000000000000000000e+00 0.000000000000000000e+00
4.600000000000000000e+01 0.000000000000000000e+00 0.000000000000000000e+00
4.700000000000000000e+01 0.000000000000000000e+00 0.000000000000000000e+00
4.800000000000000000e+01 0.000000000000000000e+00 0.000000000000000000e+00
4.900000000000000000e+01 0.000000000000000000e+00 0.000000000000000000e+00
5.000000000000000000e+01 0.000000000000000000e+00 0.000000000000000000e+00
5.100000000000000000e+01 0.000000000000000000e+00 0.000000000000000000e+00
5.200000000000000000e+01 0.000000000000000000e+00 0.000000000000000000e+00
5.300000000000000000e+01 0.000000000000000000e+00 0.000000000000000000e+00
5.400000000000000000e+01 0.000000000000000000e+00 0.000000000000000000e+00
5.500000000000000000e+01 0.000000000000000000e+00 0.000000000000000000e+00
5.600000000000000000e+01 0.000000000000000000e+00 0.000000000000000000e+00
5.700000000000000000e+01 0.000000000000000000e+00 0.000000000000000000e+00
5.800000000000000000e+01 0.000000000000000000e+00 0.000000000000000000e+00
5.900000000000000000e+01 0.000000000000000000e+00 0.000000000000000000e+00
6.000000000000000000e+01 0.000000000000000000e+00 0.000000000000000000e+00
6.100000000000000000e+01 0.000000000000000000e+00 0.000000000000000000e+00
6.200000000000000000e+01 0.000000000000000000e+00 0.000000000000000000e+00
6.300000000000000000e+01 0.000000000000000000e+00 0.000000000000000000e+00
6.400000000000000000e+01 0.000000000000000000e+00 0.000000000000000000e+00
6.500000000000000000e+01 0.000000000000000000e+00 0.000000000000000000e+00
6.600000000000000000e+01 0.000000000000000000e+00 0.000000000000000000e+00
6.700000000000000000e+01 0.000000000000000000e+00 0.000000000000000000e+00
6.800000000000000000e+01 0.000000000000000000e+00 0.000000000000000000e+00
6.900000000000000000e+01 0.000000000000000000e+00 0.000000000000000000e+00
7.000000000000000000e+01 0.000000000000000000e+00 0.000000000000000000e+00
7.100000000000000000e+01 0.000000000000000000e+00 0.000000000000000000e+00
7.200000000000000000e+01 0.000000000000000000e+00 0.000000000000000000e+00
7.300000000000000000e+01 0.000000000000000000e+00 0.000000000000000000e+00
7.400000000000000000e+01 0.000000000000000000e+00 0.000000000000000000e+00
7.500000000000000000e+01 0.000000000000000000e+00 0.000000000000000000e+00
7.600000000000000000e+01 0.000000000000000000e+00 0.000000000000000000e+00
7.700000000000000000e+01 0.000000000000000000e+00 0.000000000000000000e+00
7.800000000000000000e+01 0.000000000000000000e+00 0.000000000000000000e+00
7.900000000000000000e+01 0.000000000000000000e+00 0.000000000000000000e+00
8.000000000000000000e+01 0.000000000000000000e+00 0.000000000000000000e+00
8.100000000000000000e+01 0.000000000000000000e+00 0.000000000000000000e+00
8.200000000000000000e+01 0.000000000000000000e+00 0.000000000000000000e+00
8.300000000000000000e+01 7.225000000000000311e-01 4.310171189592560542e-02
8.400000000000000000e+01 7.225000000000000311e-01 4.310171189592560542e-02
8.500000000000000000e+01 7.225000000000000311e-01 4.310171189592560542e-02
8.600000000000000000e+01 0.000000000000000000e+00 0.000000000000000000e+00
8.700000000000000000e+01 0.000000000000000000e+00 0.000000000000000000e+00
8.800000000000000000e+01 0.000000000000000000e+00 0.000000000000000000e+00
8.900000000000000000e+01 0.000000000000000000e+00 0.000000000000000000e+00
9.000000000000000000e+01 0.000000000000000000e+00 0.000000000000000000e+00
9.100000000000000000e+01 0.000000000000000000e+00 0.000000000000000000e+00
9.200000000000000000e+01 0.000000000000000000e+00 0.000000000000000000e+00
9.300000000000000000e+01 0.000000000000000000e+00 0.000000000000000000e+00
9.400000000000000000e+01 0.000000000000000000e+00 0.000000000000000000e+00
9.500000000000000000e+01 0.000000000000000000e+00 0.000000000000000000e+00
9.600000000000000000e+01 0.000000000000000000e+00 0.000000000000000000e+00
9.700000000000000000e+01 0.000000000000000000e+00 0.000000000000000000e+00
9.800000000000000000e+01 0.000000000000000000e+00 0.000000000000000000e+00
9.900000000000000000e+01 9.575000000000000178e-01 1.004839630237142414e-02
1.000000000000000000e+02 9.925000000000000488e-01 6.726063141580034162e-03
1.010000000000000000e+02 1.000000000000000000e+00 0.000000000000000000e+00
1.020000000000000000e+02 1.000000000000000000e+00 0.000000000000000000e+00
1.030000000000000000e+02 1.000000000000000000e+00 0.000000000000000000e+00
1.040000000000000000e+02 1.000000000000000000e+00 0.000000000000000000e+00
1.050000000000000000e+02 1.000000000000000000e+00 0.000000000000000000e+00
1.060000000000000000e+02 1.000000000000000000e+00 0.000000000000000000e+00
1.070000000000000000e+02 1.000000000000000000e+00 0.000000000000000000e+00
1.080000000000000000e+02 9.649999999999999689e-01 9.455525747576701279e-03
1.090000000000000000e+02 7.924999999999999822e-01 2.549838161942755491e-02
1.100000000000000000e+02 7.800000000000000266e-01 2.600183619837752660e-02
1.110000000000000000e+02 0.000000000000000000e+00 0.000000000000000000e+00
1.120000000000000000e+02 0.000000000000000000e+00 0.000000000000000000e+00
1.130000000000000000e+02 6.500000000000000222e-01 3.019359272825278620e-02
1.140000000000000000e+02 6.550000000000000266e-01 3.012738838066865085e-02
1.150000000000000000e+02 6.700000000000000400e-01 2.976413673024351156e-02
1.160000000000000000e+02 8.575000000000000400e-01 2.134800023310466296e-02
1.170000000000000000e+02 8.024999999999999911e-01 2.383092644904771448e-02
1.180000000000000000e+02 7.950000000000000400e-01 2.450909239540270679e-02
1.190000000000000000e+02 0.000000000000000000e+00 0.000000000000000000e+00
1.200000000000000000e+02 0.000000000000000000e+00 0.000000000000000000e+00
1.210000000000000000e+02 0.000000000000000000e+00 0.000000000000000000e+00
1.220000000000000000e+02 0.000000000000000000e+00 0.000000000000000000e+00
1.230000000000000000e+02 3.225000000000000089e-01 2.916228851882638959e-02
1.240000000000000000e+02 5.649999999999999467e-01 3.387841554433917296e-02
1.250000000000000000e+02 9.499999999999999556e-01 1.421477209766566080e-02
1.260000000000000000e+02 1.000000000000000000e+00 0.000000000000000000e+00
1.270000000000000000e+02 1.000000000000000000e+00 0.000000000000000000e+00
1.280000000000000000e+02 9.925000000000000488e-01 6.726063141580034162e-03
1.290000000000000000e+02 9.775000000000000355e-01 1.087453977115238578e-02
1.300000000000000000e+02 6.099999999999999867e-01 3.183765991793827133e-02
1.310000000000000000e+02 0.000000000000000000e+00 0.000000000000000000e+00
1.320000000000000000e+02 0.000000000000000000e+00 0.000000000000000000e+00
1.330000000000000000e+02 0.000000000000000000e+00 0.000000000000000000e+00
1.340000000000000000e+02 0.000000000000000000e+00 0.000000000000000000e+00
1.350000000000000000e+02 9.625000000000000222e-01 1.288174409987589801e-02
1.360000000000000000e+02 9.875000000000000444e-01 8.648920695272632048e-03
1.370000000000000000e+02 9.875000000000000444e-01 8.648920695272632048e-03
1.380000000000000000e+02 9.849999999999999867e-01 0.000000000000000000e+00
1.390000000000000000e+02 9.975000000000000533e-01 3.898613140300613133e-03
1.400000000000000000e+02 9.975000000000000533e-01 3.898613140300613133e-03
1.410000000000000000e+02 1.000000000000000000e+00 0.000000000000000000e+00
1.420000000000000000e+02 9.975000000000000533e-01 3.898613140300613133e-03
1.430000000000000000e+02 9.599999999999999645e-01 1.377610935514246571e-02
1.440000000000000000e+02 8.325000000000000178e-01 2.358959439293195973e-02
1.450000000000000000e+02 6.274999999999999467e-01 3.705472435528158609e-02
1.460000000000000000e+02 3.750000000000000000e-01 5.955430112691142974e-02
1.470000000000000000e+02 2.275000000000000078e-01 5.544089034077053640e-02
1.480000000000000000e+02 5.750000000000000250e-02 1.657281518405970613e-02
1.490000000000000000e+02 0.000000000000000000e+00 0.000000000000000000e+00
1.000000000000000000e+00 0.000000000000000000e+00 0.000000000000000000e+00
2.000000000000000000e+00 0.000000000000000000e+00 0.000000000000000000e+00
3.000000000000000000e+00 0.000000000000000000e+00 0.000000000000000000e+00
4.000000000000000000e+00 0.000000000000000000e+00 0.000000000000000000e+00
5.000000000000000000e+00 0.000000000000000000e+00 0.000000000000000000e+00
6.000000000000000000e+00 0.000000000000000000e+00 0.000000000000000000e+00
7.000000000000000000e+00 0.000000000000000000e+00 0.000000000000000000e+00
8.000000000000000000e+00 0.000000000000000000e+00 0.000000000000000000e+00
9.000000000000000000e+00 0.000000000000000000e+00 0.000000000000000000e+00
1.000000000000000000e+01 0.000000000000000000e+00 0.000000000000000000e+00
1.100000000000000000e+01 0.000000000000000000e+00 0.000000000000000000e+00
1.200000000000000000e+01 0.000000000000000000e+00 0.000000000000000000e+00
1.300000000000000000e+01 0.000000000000000000e+00 0.000000000000000000e+00
1.400000000000000000e+01 0.000000000000000000e+00 0.000000000000000000e+00
1.500000000000000000e+01 0.000000000000000000e+00 0.000000000000000000e+00
1.600000000000000000e+01 0.000000000000000000e+00 0.000000000000000000e+00
1.700000000000000000e+01 0.000000000000000000e+00 0.000000000000000000e+00
1.800000000000000000e+01 9.825000000000000400e-01 7.751224544134543114e-03
1.900000000000000000e+01 9.849999999999999867e-01 6.605346317611661584e-03
2.000000000000000000e+01 9.975000000000000533e-01 0.000000000000000000e+00
2.100000000000000000e+01 1.000000000000000000e+00 0.000000000000000000e+00
2.200000000000000000e+01 4.000000000000000083e-02 1.267416733634512717e-02
2.300000000000000000e+01 1.750000000000000167e-02 6.605346317611661584e-03
2.400000000000000000e+01 0.000000000000000000e+00 0.000000000000000000e+00
2.500000000000000000e+01 9.899999999999999911e-01 7.751224544134543114e-03
2.600000000000000000e+01 9.925000000000000488e-01 6.726063141580034162e-03
2.700000000000000000e+01 1.000000000000000000e+00 0.000000000000000000e+00
2.800000000000000000e+01 1.000000000000000000e+00 0.000000000000000000e+00
2.900000000000000000e+01 1.000000000000000000e+00 0.000000000000000000e+00
3.000000000000000000e+01 9.825000000000000400e-01 0.000000000000000000e+00
3.100000000000000000e+01 6.750000000000000444e-01 3.268203228648732667e-02
3.200000000000000000e+01 9.249999999999999889e-02 1.919727893859544607e-02
3.300000000000000000e+01 0.000000000000000000e+00 0.000000000000000000e+00
3.400000000000000000e+01 0.000000000000000000e+00 0.000000000000000000e+00
3.500000000000000000e+01 3.599999999999999867e-01 3.392764212117228145e-02
3.600000000000000000e+01 5.400000000000000355e-01 3.115448660341654449e-02
3.700000000000000000e+01 6.474999999999999645e-01 2.971503336196405429e-02
3.800000000000000000e+01 8.950000000000000178e-01 2.182568031115918877e-02
3.900000000000000000e+01 8.599999999999999867e-01 1.964990811314344318e-02
4.000000000000000000e+01 7.800000000000000266e-01 4.092251335890031982e-02
4.100000000000000000e+01 7.149999999999999689e-01 3.679321530036036569e-02
4.200000000000000000e+01 1.749999999999999889e-01 2.269326179418408237e-02
4.300000000000000000e+01 8.999999999999999667e-02 1.467892335503653660e-02
4.400000000000000000e+01 2.249999999999999917e-02 8.485423436026741373e-03
4.500000000000000000e+01 0.000000000000000000e+00 0.000000000000000000e+00
4.600000000000000000e+01 0.000000000000000000e+00 0.000000000000000000e+00
4.700000000000000000e+01 2.500000000000000052e-03 3.898613140300613133e-03
4.800000000000000000e+01 2.500000000000000052e-03 3.898613140300613133e-03
4.900000000000000000e+01 2.500000000000000052e-03 3.898613140300613133e-03
5.000000000000000000e+01 0.000000000000000000e+00 0.000000000000000000e+00
5.100000000000000000e+01 0.000000000000000000e+00 0.000000000000000000e+00
5.200000000000000000e+01 1.000000000000000000e+00 0.000000000000000000e+00
5.300000000000000000e+01 1.000000000000000000e+00 0.000000000000000000e+00
5.400000000000000000e+01 1.000000000000000000e+00 0.000000000000000000e+00
5.500000000000000000e+01 1.000000000000000000e+00 0.000000000000000000e+00
5.600000000000000000e+01 1.000000000000000000e+00 0.000000000000000000e+00
5.700000000000000000e+01 1.000000000000000000e+00 0.000000000000000000e+00
5.800000000000000000e+01 1.000000000000000000e+00 0.000000000000000000e+00
5.900000000000000000e+01 1.000000000000000000e+00 0.000000000000000000e+00
6.000000000000000000e+01 1.000000000000000000e+00 0.000000000000000000e+00
6.100000000000000000e+01 1.000000000000000000e+00 0.000000000000000000e+00
6.200000000000000000e+01 1.000000000000000000e+00 0.000000000000000000e+00
6.300000000000000000e+01 1.000000000000000000e+00 0.000000000000000000e+00
6.400000000000000000e+01 1.000000000000000000e+00 0.000000000000000000e+00
6.500000000000000000e+01 1.000000000000000000e+00 0.000000000000000000e+00
6.600000000000000000e+01 9.925000000000000488e-01 3.898613140300613133e-03
6.700000000000000000e+01 9.875000000000000444e-01 0.000000000000000000e+00
6.800000000000000000e+01 7.924999999999999822e-01 2.357948528837819704e-02
6.900000000000000000e+01 7.499999999999999722e-03 8.610933636986521991e-03
7.000000000000000000e+01 5.000000000000000104e-03 7.751224544134543114e-03
7.100000000000000000e+01 0.000000000000000000e+00 0.000000000000000000e+00
7.200000000000000000e+01 1.000000000000000021e-02 5.480943437657140836e-03
7.300000000000000000e+01 1.000000000000000021e-02 5.480943437657140836e-03
7.400000000000000000e+01 1.000000000000000021e-02 5.480943437657140836e-03
7.500000000000000000e+01 0.000000000000000000e+00 0.000000000000000000e+00
7.600000000000000000e+01 0.000000000000000000e+00 0.000000000000000000e+00
7.700000000000000000e+01 0.000000000000000000e+00 0.000000000000000000e+00
7.800000000000000000e+01 0.000000000000000000e+00 0.000000000000000000e+00
7.900000000000000000e+01 0.000000000000000000e+00 0.000000000000000000e+00
8.000000000000000000e+01 0.000000000000000000e+00 0.000000000000000000e+00
8.100000000000000000e+01 0.000000000000000000e+00 0.000000000000000000e+00
8.200000000000000000e+01 7.199999999999999734e-01 2.876718422198327324e-02
8.300000000000000000e+01 7.199999999999999734e-01 2.876718422198327324e-02
8.400000000000000000e+01 7.199999999999999734e-01 2.876718422198327324e-02
8.500000000000000000e+01 9.599999999999999645e-01 1.288174409987589801e-02
8.600000000000000000e+01 9.549999999999999600e-01 1.372191943007460523e-02
8.700000000000000000e+01 9.975000000000000533e-01 0.000000000000000000e+00
8.800000000000000000e+01 9.975000000000000533e-01 0.000000000000000000e+00
8.900000000000000000e+01 1.000000000000000000e+00 0.000000000000000000e+00
9.000000000000000000e+01 1.000000000000000000e+00 0.000000000000000000e+00
9.100000000000000000e+01 1.000000000000000000e+00 0.000000000000000000e+00
9.200000000000000000e+01 9.949999999999999956e-01 3.898613140300613133e-03
9.300000000000000000e+01 9.375000000000000000e-01 1.321069263522332317e-02
9.400000000000000000e+01 9.350000000000000533e-01 1.372191943007460523e-02
9.500000000000000000e+01 4.425000000000000044e-01 4.233710993544017448e-02
9.600000000000000000e+01 0.000000000000000000e+00 0.000000000000000000e+00
9.700000000000000000e+01 0.000000000000000000e+00 0.000000000000000000e+00
1.000000000000000000e+00 0.000000000000000000e+00 0.000000000000000000e+00
2.000000000000000000e+00 0.000000000000000000e+00 0.000000000000000000e+00
3.000000000000000000e+00 0.000000000000000000e+00 0.000000000000000000e+00
4.000000000000000000e+00 0.000000000000000000e+00 0.000000000000000000e+00
5.000000000000000000e+00 0.000000000000000000e+00 0.000000000000000000e+00
6.000000000000000000e+00 0.000000000000000000e+00 0.000000000000000000e+00
7.000000000000000000e+00 0.000000000000000000e+00 0.000000000000000000e+00
8.000000000000000000e+00 0.000000000000000000e+00 0.000000000000000000e+00
9.000000000000000000e+00 0.000000000000000000e+00 0.000000000000000000e+00
1.000000000000000000e+01 0.000000000000000000e+00 0.000000000000000000e+00
1.100000000000000000e+01 0.000000000000000000e+00 0.000000000000000000e+00
1.200000000000000000e+01 0.000000000000000000e+00 0.000000000000000000e+00
1.300000000000000000e+01 0.000000000000000000e+00 0.000000000000000000e+00
1.400000000000000000e+01 0.000000000000000000e+00 0.000000000000000000e+00
1.500000000000000000e+01 0.000000000000000000e+00 0.000000000000000000e+00
1.600000000000000000e+01 0.000000000000000000e+00 0.000000000000000000e+00
1.700000000000000000e+01 0.000000000000000000e+00 0.000000000000000000e+00
1.800000000000000000e+01 0.000000000000000000e+00 0.000000000000000000e+00
1.900000000000000000e+01 0.000000000000000000e+00 0.000000000000000000e+00
2.000000000000000000e+01 0.000000000000000000e+00 0.000000000000000000e+00
2.100000000000000000e+01 0.000000000000000000e+00 0.000000000000000000e+00
2.200000000000000000e+01 0.000000000000000000e+00 0.000000000000000000e+00
2.300000000000000000e+01 0.000000000000000000e+00 0.000000000000000000e+00
2.400000000000000000e+01 8.199999999999999512e-01 2.439452343124374339e-02
2.500000000000000000e+01 9.949999999999999956e-01 0.000000000000000000e+00
2.600000000000000000e+01 9.975000000000000533e-01 0.000000000000000000e+00
2.700000000000000000e+01 1.000000000000000000e+00 0.000000000000000000e+00
2.800000000000000000e+01 1.000000000000000000e+00 0.000000000000000000e+00
2.900000000000000000e+01 1.000000000000000000e+00 0.000000000000000000e+00
3.000000000000000000e+01 1.000000000000000000e+00 0.000000000000000000e+00
3.100000000000000000e+01 9.899999999999999911e-01 7.751224544134543114e-03
3.200000000000000000e+01 9.825000000000000400e-01 9.455525747576701279e-03
3.300000000000000000e+01 9.274999999999999911e-01 1.784399093224766156e-02
3.400000000000000000e+01 9.224999999999999867e-01 1.953125000000000000e-02
3.500000000000000000e+01 7.800000000000000266e-01 2.869665088850608184e-02
3.600000000000000000e+01 0.000000000000000000e+00 0.000000000000000000e+00
3.700000000000000000e+01 0.000000000000000000e+00 0.000000000000000000e+00
3.800000000000000000e+01 0.000000000000000000e+00 0.000000000000000000e+00
3.900000000000000000e+01 8.924999999999999600e-01 1.861882418450939297e-02
4.000000000000000000e+01 8.924999999999999600e-01 1.861882418450939297e-02
4.100000000000000000e+01 8.924999999999999600e-01 1.861882418450939297e-02
4.200000000000000000e+01 0.000000000000000000e+00 0.000000000000000000e+00
4.300000000000000000e+01 0.000000000000000000e+00 0.000000000000000000e+00
4.400000000000000000e+01 0.000000000000000000e+00 0.000000000000000000e+00
4.500000000000000000e+01 0.000000000000000000e+00 0.000000000000000000e+00
4.600000000000000000e+01 0.000000000000000000e+00 0.000000000000000000e+00
4.700000000000000000e+01 0.000000000000000000e+00 0.000000000000000000e+00
4.800000000000000000e+01 0.000000000000000000e+00 0.000000000000000000e+00
4.900000000000000000e+01 0.000000000000000000e+00 0.000000000000000000e+00
5.000000000000000000e+01 0.000000000000000000e+00 0.000000000000000000e+00
5.100000000000000000e+01 0.000000000000000000e+00 0.000000000000000000e+00
5.200000000000000000e+01 0.000000000000000000e+00 0.000000000000000000e+00
5.300000000000000000e+01 0.000000000000000000e+00 0.000000000000000000e+00
5.400000000000000000e+01 0.000000000000000000e+00 0.000000000000000000e+00
5.500000000000000000e+01 0.000000000000000000e+00 0.000000000000000000e+00
5.600000000000000000e+01 0.000000000000000000e+00 0.000000000000000000e+00
5.700000000000000000e+01 1.325000000000000067e-01 2.102446302891697663e-02
5.800000000000000000e+01 1.849999999999999978e-01 2.583741514711514198e-02
5.900000000000000000e+01 1.849999999999999978e-01 2.583741514711514198e-02
6.000000000000000000e+01 1.824999999999999956e-01 2.583741514711514198e-02
6.100000000000000000e+01 2.500000000000000052e-03 0.000000000000000000e+00
6.200000000000000000e+01 2.500000000000000052e-03 0.000000000000000000e+00
6.300000000000000000e+01 0.000000000000000000e+00 0.000000000000000000e+00
6.400000000000000000e+01 2.500000000000000139e-02 9.455525747576701279e-03
6.500000000000000000e+01 2.500000000000000139e-02 9.455525747576701279e-03
6.600000000000000000e+01 2.500000000000000139e-02 9.455525747576701279e-03
6.700000000000000000e+01 0.000000000000000000e+00 0.000000000000000000e+00
6.800000000000000000e+01 0.000000000000000000e+00 0.000000000000000000e+00
6.900000000000000000e+01 0.000000000000000000e+00 0.000000000000000000e+00
7.000000000000000000e+01 0.000000000000000000e+00 0.000000000000000000e+00
7.100000000000000000e+01 0.000000000000000000e+00 0.000000000000000000e+00
7.200000000000000000e+01 0.000000000000000000e+00 0.000000000000000000e+00
7.300000000000000000e+01 0.000000000000000000e+00 0.000000000000000000e+00
7.400000000000000000e+01 0.000000000000000000e+00 0.000000000000000000e+00
7.500000000000000000e+01 0.000000000000000000e+00 0.000000000000000000e+00
7.600000000000000000e+01 0.000000000000000000e+00 0.000000000000000000e+00
7.700000000000000000e+01 0.000000000000000000e+00 0.000000000000000000e+00
7.800000000000000000e+01 0.000000000000000000e+00 0.000000000000000000e+00
7.900000000000000000e+01 0.000000000000000000e+00 0.000000000000000000e+00
8.000000000000000000e+01 0.000000000000000000e+00 0.000000000000000000e+00
8.100000000000000000e+01 5.000000000000000104e-03 3.898613140300613133e-03
8.200000000000000000e+01 5.000000000000000104e-03 3.898613140300613133e-03
8.300000000000000000e+01 5.000000000000000104e-03 3.898613140300613133e-03
8.400000000000000000e+01 0.000000000000000000e+00 0.000000000000000000e+00
8.500000000000000000e+01 0.000000000000000000e+00 0.000000000000000000e+00
8.600000000000000000e+01 0.000000000000000000e+00 0.000000000000000000e+00
8.700000000000000000e+01 0.000000000000000000e+00 0.000000000000000000e+00
8.800000000000000000e+01 0.000000000000000000e+00 0.000000000000000000e+00
8.900000000000000000e+01 0.000000000000000000e+00 0.000000000000000000e+00
9.000000000000000000e+01 0.000000000000000000e+00 0.000000000000000000e+00
9.100000000000000000e+01 0.000000000000000000e+00 0.000000000000000000e+00
9.200000000000000000e+01 0.000000000000000000e+00 0.000000000000000000e+00
9.300000000000000000e+01 0.000000000000000000e+00 0.000000000000000000e+00
9.400000000000000000e+01 0.000000000000000000e+00 0.000000000000000000e+00
9.500000000000000000e+01 0.000000000000000000e+00 0.000000000000000000e+00
9.600000000000000000e+01 0.000000000000000000e+00 0.000000000000000000e+00
9.700000000000000000e+01 0.000000000000000000e+00 0.000000000000000000e+00
9.800000000000000000e+01 0.000000000000000000e+00 0.000000000000000000e+00
9.900000000000000000e+01 0.000000000000000000e+00 0.000000000000000000e+00
1.000000000000000000e+02 0.000000000000000000e+00 0.000000000000000000e+00
1.010000000000000000e+02 2.874999999999999778e-01 2.844526415461680682e-02
1.020000000000000000e+02 2.874999999999999778e-01 2.844526415461680682e-02
1.030000000000000000e+02 2.874999999999999778e-01 2.844526415461680682e-02
1.040000000000000000e+02 0.000000000000000000e+00 0.000000000000000000e+00
1.500000000000000000e+02 0.000000000000000000e+00 0.000000000000000000e+00
