# Rgyr-CA
3.2151
3.2573
3.2213
3.3003
3.2577
3.2679
3.2649
3.2467
3.2251
3.2203
3.2427
3.2156
3.2929
3.2428
3.2587
3.3175
3.2549
3.2837
3.2840
3.2327
3.2317
3.2538
3.2776
3.2208
3.2239
3.2312
3.2600
3.2429
3.2346
3.2437
3.2604
3.2433
3.2650
3.2382
3.2224
3.2348
3.2286
3.2877
3.2880
3.2487
3.2123
3.2741
3.2294
3.2508
3.2108
3.2385
3.2546
3.2355
3.2747
3.2784
3.2208
3.2183
3.2522
3.2368
3.2229
3.2690
3.2469
3.2373
3.2672
3.2626
3.2132
3.2655
3.2676
3.2731
3.2997
3.2355
3.1886
3.2226
3.2551
3.2222
3.2404
3.2172
3.2222
3.2087
3.2250
3.2134
3.2073
3.2397
3.2109
3.2434
3.2223
3.2430
3.2384
3.2558
3.2190
3.2570
3.2733
3.2119
3.2307
3.2290
3.1923
3.2318
3.1981
3.1974
3.2587
3.2381
3.2150
3.2717
3.2744
3.2442
3.2288
3.2863
3.2480
3.2482
3.2910
3.2166
3.2470
3.2656
3.2246
3.2534
3.2131
3.2778
3.2876
3.2672
3.2330
3.2768
3.2620
3.3005
3.2757
3.2471
3.3194
3.2405
3.2548
3.2182
3.2565
3.2190
3.2630
3.2659
3.2746
3.1781
3.2159
3.2648
3.2493
3.2597
3.2280
3.2920
3.2172
3.2284
3.2389
3.2635
3.1257
3.2541
3.2820
3.2543
3.2421
3.2738
3.1784
3.3033
3.3214
3.2628
3.3244
3.2843
3.2821
3.2502
3.2382
3.1467
3.2331
3.2279
3.2330
3.2479
3.2547
3.1887
3.2710
3.2412
3.2501
3.2412
3.2502
3.2643
3.2603
3.2594
3.2191
3.2487
3.2004
3.2373
3.2507
3.2339
3.2438
3.2477
3.2489
3.2356
3.2539
3.2576
3.1865
3.2126
3.2956
3.2492
3.2018
3.2237
3.2583
3.2311
3.2733
3.2466
3.2653
3.2441
3.2572
3.2550
3.2631
3.2201
3.2602
3.1942
3.2323
3.1988
3.2347
3.1832
3.2189
3.2505
3.2709
3.2420
3.2795
3.2888
3.2430
3.2021
3.2577
3.2374
3.2380
3.2293
3.2576
3.2310
3.2463
3.2633
3.2657
3.3444
3.1608
3.1955
3.2490
3.2327
3.2333
3.2734
3.2359
3.2691
3.2410
3.2309
3.2665
3.2023
3.2234
3.2629
3.2426
3.2036
3.2675
3.2462
3.2216
3.2335
3.2460
3.2498
3.2438
3.2321
3.2021
3.2163
3.2800
3.2587
3.2175
3.2655
3.2505
3.2569
3.2430
3.2279
3.2392
3.2210
3.2821
3.2337
3.2718
3.2353
3.2164
3.2790
3.2184
3.2502
3.2435
3.2727
3.2244
3.2501
3.2530
3.2265
3.2420
3.2589
3.2586
3.2141
3.2281
3.2252
3.3026
3.2072
3.2639
3.2442
3.1964
3.2095
3.2359
3.2154
3.2317
3.1615
3.2741
3.2595
3.2357
3.2808
3.2852
3.2199
3.2430
3.2889
3.2182
3.2313
3.2392
3.2084
3.2720
3.2209
3.2253
3.2540
3.2423
3.2591
3.2020
3.2573
3.1976
3.2793
3.2133
3.2735
3.2434
3.2315
3.2620
3.2215
3.2455
3.2203
3.1620
3.2004
3.2916
3.1736
3.2569
3.1892
3.2252
3.2112
3.1870
3.2422
3.2198
3.2478
3.1846
3.2685
3.2695
3.2393
3.2485
3.2085
3.2176
3.2991
3.2636
3.2356
3.2206
3.2405
3.2466
3.2380
3.2887
3.2852
3.2274
3.2719
3.2699
3.2499
3.2885
3.2338
3.2506
3.1666
3.2648
3.2847
3.2525
3.2469
3.2609
3.2313
3.2363
3.2728
3.2272
3.2272
3.2017
3.1914
3.2826
3.1879
3.2506
3.2707
3.2574
3.2655
3.2656
3.2573
3.2697
3.2343
3.2386
3.2076
3.2616
3.2360
3.2138
3.2426
3.2552
3.2157
3.2703
3.2049
3.2761
3.1706
3.2523
3.2141
3.2310
3.2631
3.2373
3.2376
3.2862
3.2417
3.3002
3.2379
3.2364
3.2650
